0.000000E+00
0.719729E-03
0.151322E-02
0.238762E-02
0.335049E-02
0.440989E-02
0.557429E-02
0.685259E-02
0.825409E-02
0.978848E-02
0.114658E-01
0.132963E-01
0.152904E-01
0.174589E-01
0.198125E-01
0.223619E-01
0.251175E-01
0.280898E-01
0.312887E-01
0.347236E-01
0.384034E-01
0.423363E-01
0.465296E-01
0.509895E-01
0.557215E-01
0.607296E-01
0.660167E-01
0.715843E-01
0.774329E-01
0.835612E-01
0.899668E-01
0.966458E-01
0.103593E+00
0.110803E+00
0.118267E+00
0.125976E+00
0.133922E+00
0.142093E+00
0.150479E+00
0.159067E+00
0.167845E+00
0.176800E+00
0.185918E+00
0.195186E+00
0.204590E+00
0.214117E+00
0.223752E+00
0.233483E+00
0.243295E+00
0.253176E+00
0.263112E+00
0.273091E+00
0.283099E+00
0.293124E+00
0.303155E+00
0.313180E+00
0.323186E+00
0.333163E+00
0.343100E+00
0.352986E+00
0.362811E+00
0.372563E+00
0.382234E+00
0.391813E+00
0.401290E+00
0.410656E+00
0.419901E+00
0.429017E+00
0.437994E+00
0.446824E+00
0.455497E+00
0.464007E+00
0.472343E+00
0.480499E+00
0.488466E+00
0.496237E+00
0.503805E+00
0.511162E+00
0.518302E+00
0.525219E+00
0.531905E+00
0.538355E+00
0.544565E+00
0.550527E+00
0.556239E+00
0.561695E+00
0.566892E+00
0.571825E+00
0.576493E+00
0.580893E+00
0.585022E+00
0.588880E+00
0.592465E+00
0.595778E+00
0.598819E+00
0.601589E+00
0.604090E+00
0.606324E+00
0.608294E+00
0.610000E+00
0.000000E+00
0.716803E-03
0.150717E-02
0.237817E-02
0.333730E-02
0.439255E-02
0.555233E-02
0.682547E-02
0.822121E-02
0.974917E-02
0.114193E-01
0.132418E-01
0.152270E-01
0.173857E-01
0.197284E-01
0.222657E-01
0.250081E-01
0.279659E-01
0.311490E-01
0.345667E-01
0.382280E-01
0.421408E-01
0.463126E-01
0.507495E-01
0.554570E-01
0.604391E-01
0.656988E-01
0.712378E-01
0.770563E-01
0.831534E-01
0.895267E-01
0.961726E-01
0.103086E+00
0.110261E+00
0.117689E+00
0.125363E+00
0.133273E+00
0.141409E+00
0.149759E+00
0.158312E+00
0.167055E+00
0.175975E+00
0.185060E+00
0.194296E+00
0.203669E+00
0.213166E+00
0.222773E+00
0.232477E+00
0.242264E+00
0.252121E+00
0.262035E+00
0.271994E+00
0.281984E+00
0.291993E+00
0.302010E+00
0.312023E+00
0.322020E+00
0.331989E+00
0.341921E+00
0.351804E+00
0.361628E+00
0.371382E+00
0.381056E+00
0.390641E+00
0.400126E+00
0.409502E+00
0.418761E+00
0.427892E+00
0.436886E+00
0.445735E+00
0.454430E+00
0.462963E+00
0.471325E+00
0.479508E+00
0.487505E+00
0.495307E+00
0.502907E+00
0.510299E+00
0.517475E+00
0.524428E+00
0.531153E+00
0.537643E+00
0.543893E+00
0.549897E+00
0.555651E+00
0.561149E+00
0.566389E+00
0.571366E+00
0.576077E+00
0.580519E+00
0.584691E+00
0.588590E+00
0.592216E+00
0.595568E+00
0.598647E+00
0.601454E+00
0.603990E+00
0.606258E+00
0.608260E+00
0.610000E+00
0.000000E+00
0.711312E-03
0.149572E-02
0.236018E-02
0.331211E-02
0.435936E-02
0.551023E-02
0.677345E-02
0.815813E-02
0.967375E-02
0.113301E-01
0.131373E-01
0.151056E-01
0.172455E-01
0.195675E-01
0.220819E-01
0.247993E-01
0.277297E-01
0.308829E-01
0.342681E-01
0.378943E-01
0.417693E-01
0.459005E-01
0.502941E-01
0.549555E-01
0.598888E-01
0.650970E-01
0.705820E-01
0.763441E-01
0.823825E-01
0.886951E-01
0.952783E-01
0.102128E+00
0.109237E+00
0.116599E+00
0.124206E+00
0.132048E+00
0.140116E+00
0.148399E+00
0.156884E+00
0.165561E+00
0.174417E+00
0.183438E+00
0.192612E+00
0.201925E+00
0.211365E+00
0.220917E+00
0.230568E+00
0.240306E+00
0.250117E+00
0.259988E+00
0.269907E+00
0.279862E+00
0.289839E+00
0.299828E+00
0.309816E+00
0.319793E+00
0.329747E+00
0.339666E+00
0.349542E+00
0.359362E+00
0.369117E+00
0.378797E+00
0.388391E+00
0.397891E+00
0.407286E+00
0.416567E+00
0.425725E+00
0.434751E+00
0.443635E+00
0.452370E+00
0.460946E+00
0.469356E+00
0.477590E+00
0.485642E+00
0.493503E+00
0.501165E+00
0.508622E+00
0.515866E+00
0.522890E+00
0.529689E+00
0.536255E+00
0.542582E+00
0.548666E+00
0.554501E+00
0.560083E+00
0.565405E+00
0.570466E+00
0.575261E+00
0.579787E+00
0.584041E+00
0.588022E+00
0.591727E+00
0.595157E+00
0.598311E+00
0.601190E+00
0.603795E+00
0.606129E+00
0.608195E+00
0.610000E+00
0.000000E+00
0.703522E-03
0.147940E-02
0.233448E-02
0.327602E-02
0.431176E-02
0.544982E-02
0.669877E-02
0.806755E-02
0.956547E-02
0.112022E-01
0.129875E-01
0.149316E-01
0.170447E-01
0.193371E-01
0.218191E-01
0.245008E-01
0.273923E-01
0.305032E-01
0.338425E-01
0.374190E-01
0.412406E-01
0.453145E-01
0.496470E-01
0.542433E-01
0.591078E-01
0.642435E-01
0.696523E-01
0.753348E-01
0.812905E-01
0.875174E-01
0.940124E-01
0.100771E+00
0.107788E+00
0.115056E+00
0.122567E+00
0.130314E+00
0.138286E+00
0.146472E+00
0.154862E+00
0.163445E+00
0.172207E+00
0.181138E+00
0.190223E+00
0.199450E+00
0.208806E+00
0.218279E+00
0.227854E+00
0.237520E+00
0.247263E+00
0.257071E+00
0.266932E+00
0.276833E+00
0.286762E+00
0.296708E+00
0.306660E+00
0.316605E+00
0.326533E+00
0.336433E+00
0.346295E+00
0.356108E+00
0.365862E+00
0.375546E+00
0.385152E+00
0.394669E+00
0.404088E+00
0.413399E+00
0.422593E+00
0.431662E+00
0.440595E+00
0.449384E+00
0.458021E+00
0.466497E+00
0.474803E+00
0.482932E+00
0.490876E+00
0.498626E+00
0.506175E+00
0.513516E+00
0.520642E+00
0.527546E+00
0.534221E+00
0.540661E+00
0.546860E+00
0.552812E+00
0.558513E+00
0.563957E+00
0.569139E+00
0.574056E+00
0.578704E+00
0.583080E+00
0.587180E+00
0.591004E+00
0.594548E+00
0.597814E+00
0.600800E+00
0.603509E+00
0.605942E+00
0.608103E+00
0.610000E+00
0.000000E+00
0.693659E-03
0.145870E-02
0.230181E-02
0.323011E-02
0.425114E-02
0.537286E-02
0.660361E-02
0.795215E-02
0.942756E-02
0.110392E-01
0.127968E-01
0.147102E-01
0.167894E-01
0.190445E-01
0.214855E-01
0.241224E-01
0.269649E-01
0.300225E-01
0.333041E-01
0.368183E-01
0.405728E-01
0.445749E-01
0.488307E-01
0.533456E-01
0.581239E-01
0.631687E-01
0.684822E-01
0.740652E-01
0.799172E-01
0.860368E-01
0.924211E-01
0.990661E-01
0.105967E+00
0.113116E+00
0.120508E+00
0.128134E+00
0.135984E+00
0.144049E+00
0.152318E+00
0.160781E+00
0.169426E+00
0.178240E+00
0.187211E+00
0.196328E+00
0.205578E+00
0.214948E+00
0.224425E+00
0.233997E+00
0.243652E+00
0.253378E+00
0.263162E+00
0.272992E+00
0.282858E+00
0.292746E+00
0.302647E+00
0.312549E+00
0.322441E+00
0.332312E+00
0.342153E+00
0.351953E+00
0.361701E+00
0.371388E+00
0.381004E+00
0.390540E+00
0.399985E+00
0.409331E+00
0.418568E+00
0.427687E+00
0.436678E+00
0.445534E+00
0.454245E+00
0.462803E+00
0.471198E+00
0.479424E+00
0.487470E+00
0.495331E+00
0.502996E+00
0.510460E+00
0.517714E+00
0.524752E+00
0.531566E+00
0.538149E+00
0.544496E+00
0.550599E+00
0.556454E+00
0.562054E+00
0.567395E+00
0.572470E+00
0.577277E+00
0.581811E+00
0.586069E+00
0.590047E+00
0.593743E+00
0.597156E+00
0.600285E+00
0.603131E+00
0.605696E+00
0.607983E+00
0.610000E+00
0.000000E+00
0.681937E-03
0.143407E-02
0.226291E-02
0.317540E-02
0.417888E-02
0.528108E-02
0.649014E-02
0.781455E-02
0.926316E-02
0.108451E-01
0.125698E-01
0.144468E-01
0.164858E-01
0.186968E-01
0.210893E-01
0.236733E-01
0.264580E-01
0.294529E-01
0.326666E-01
0.361075E-01
0.397833E-01
0.437010E-01
0.478669E-01
0.522862E-01
0.569634E-01
0.619017E-01
0.671033E-01
0.725694E-01
0.782999E-01
0.842934E-01
0.905476E-01
0.970590E-01
0.103823E+00
0.110833E+00
0.118084E+00
0.125567E+00
0.133273E+00
0.141194E+00
0.149320E+00
0.157641E+00
0.166144E+00
0.174820E+00
0.183656E+00
0.192640E+00
0.201762E+00
0.211007E+00
0.220366E+00
0.229824E+00
0.239372E+00
0.248996E+00
0.258685E+00
0.268428E+00
0.278213E+00
0.288029E+00
0.297866E+00
0.307711E+00
0.317556E+00
0.327389E+00
0.337200E+00
0.346978E+00
0.356715E+00
0.366400E+00
0.376024E+00
0.385577E+00
0.395049E+00
0.404431E+00
0.413714E+00
0.422888E+00
0.431946E+00
0.440876E+00
0.449672E+00
0.458323E+00
0.466821E+00
0.475159E+00
0.483326E+00
0.491315E+00
0.499118E+00
0.506727E+00
0.514133E+00
0.521330E+00
0.528309E+00
0.535065E+00
0.541588E+00
0.547874E+00
0.553914E+00
0.559704E+00
0.565236E+00
0.570506E+00
0.575507E+00
0.580235E+00
0.584686E+00
0.588855E+00
0.592738E+00
0.596335E+00
0.599642E+00
0.602660E+00
0.605390E+00
0.607834E+00
0.610000E+00
0.000000E+00
0.668558E-03
0.140594E-02
0.221847E-02
0.311288E-02
0.409627E-02
0.517617E-02
0.636043E-02
0.765731E-02
0.907537E-02
0.106234E-01
0.123107E-01
0.141463E-01
0.161398E-01
0.183007E-01
0.206384E-01
0.231624E-01
0.258819E-01
0.288059E-01
0.319430E-01
0.353013E-01
0.388884E-01
0.427111E-01
0.467757E-01
0.510875E-01
0.556509E-01
0.604693E-01
0.655451E-01
0.708797E-01
0.764732E-01
0.823248E-01
0.884324E-01
0.947930E-01
0.101402E+00
0.108255E+00
0.115346E+00
0.122667E+00
0.130211E+00
0.137969E+00
0.145931E+00
0.154089E+00
0.162431E+00
0.170948E+00
0.179628E+00
0.188460E+00
0.197433E+00
0.206535E+00
0.215755E+00
0.225081E+00
0.234503E+00
0.244007E+00
0.253585E+00
0.263223E+00
0.272912E+00
0.282641E+00
0.292398E+00
0.302175E+00
0.311959E+00
0.321742E+00
0.331513E+00
0.341262E+00
0.350979E+00
0.360656E+00
0.370282E+00
0.379848E+00
0.389344E+00
0.398762E+00
0.408092E+00
0.417325E+00
0.426451E+00
0.435462E+00
0.444349E+00
0.453103E+00
0.461715E+00
0.470176E+00
0.478478E+00
0.486611E+00
0.494568E+00
0.502341E+00
0.509920E+00
0.517298E+00
0.524467E+00
0.531419E+00
0.538147E+00
0.544642E+00
0.550899E+00
0.556908E+00
0.562665E+00
0.568161E+00
0.573391E+00
0.578348E+00
0.583027E+00
0.587423E+00
0.591531E+00
0.595346E+00
0.598868E+00
0.602092E+00
0.605021E+00
0.607656E+00
0.610000E+00
0.000000E+00
0.653721E-03
0.137473E-02
0.216916E-02
0.304348E-02
0.400459E-02
0.505973E-02
0.621652E-02
0.748290E-02
0.886714E-02
0.103778E-01
0.120236E-01
0.138137E-01
0.157570E-01
0.178627E-01
0.201402E-01
0.225984E-01
0.252463E-01
0.280926E-01
0.311457E-01
0.344136E-01
0.379035E-01
0.416224E-01
0.455763E-01
0.497705E-01
0.542095E-01
0.588969E-01
0.638351E-01
0.690258E-01
0.744696E-01
0.801658E-01
0.861129E-01
0.923082E-01
0.987483E-01
0.105428E+00
0.112343E+00
0.119486E+00
0.126850E+00
0.134427E+00
0.142209E+00
0.150187E+00
0.158350E+00
0.166690E+00
0.175196E+00
0.183857E+00
0.192664E+00
0.201604E+00
0.210667E+00
0.219843E+00
0.229121E+00
0.238489E+00
0.247937E+00
0.257455E+00
0.267032E+00
0.276658E+00
0.286322E+00
0.296015E+00
0.305727E+00
0.315447E+00
0.325166E+00
0.334875E+00
0.344565E+00
0.354224E+00
0.363846E+00
0.373419E+00
0.382935E+00
0.392385E+00
0.401760E+00
0.411050E+00
0.420247E+00
0.429341E+00
0.438323E+00
0.447185E+00
0.455917E+00
0.464511E+00
0.472957E+00
0.481248E+00
0.489373E+00
0.497325E+00
0.505094E+00
0.512672E+00
0.520052E+00
0.527223E+00
0.534178E+00
0.540909E+00
0.547408E+00
0.553667E+00
0.559677E+00
0.565432E+00
0.570923E+00
0.576144E+00
0.581086E+00
0.585744E+00
0.590112E+00
0.594184E+00
0.597955E+00
0.601423E+00
0.604586E+00
0.607444E+00
0.610000E+00
0.000000E+00
0.637615E-03
0.134085E-02
0.211560E-02
0.296812E-02
0.390504E-02
0.493333E-02
0.606032E-02
0.729366E-02
0.864132E-02
0.101115E-01
0.117127E-01
0.134535E-01
0.153427E-01
0.173892E-01
0.196017E-01
0.219892E-01
0.245603E-01
0.273233E-01
0.302864E-01
0.334573E-01
0.368432E-01
0.404509E-01
0.442863E-01
0.483547E-01
0.526607E-01
0.572078E-01
0.619988E-01
0.670356E-01
0.723189E-01
0.778486E-01
0.836236E-01
0.896416E-01
0.958997E-01
0.102394E+00
0.109119E+00
0.116070E+00
0.123240E+00
0.130622E+00
0.138208E+00
0.145990E+00
0.153959E+00
0.162106E+00
0.170421E+00
0.178896E+00
0.187519E+00
0.196281E+00
0.205171E+00
0.214180E+00
0.223297E+00
0.232512E+00
0.241816E+00
0.251197E+00
0.260646E+00
0.270154E+00
0.279710E+00
0.289305E+00
0.298930E+00
0.308575E+00
0.318231E+00
0.327888E+00
0.337538E+00
0.347171E+00
0.356778E+00
0.366351E+00
0.375880E+00
0.385357E+00
0.394772E+00
0.404116E+00
0.413381E+00
0.422557E+00
0.431636E+00
0.440608E+00
0.449465E+00
0.458197E+00
0.466795E+00
0.475251E+00
0.483554E+00
0.491697E+00
0.499671E+00
0.507465E+00
0.515072E+00
0.522482E+00
0.529686E+00
0.536676E+00
0.543442E+00
0.549976E+00
0.556269E+00
0.562312E+00
0.568096E+00
0.573612E+00
0.578853E+00
0.583809E+00
0.588473E+00
0.592838E+00
0.596898E+00
0.600647E+00
0.604081E+00
0.607198E+00
0.610000E+00
0.000000E+00
0.620420E-03
0.130468E-02
0.205842E-02
0.288767E-02
0.379877E-02
0.479843E-02
0.589368E-02
0.709186E-02
0.840060E-02
0.982779E-02
0.113815E-01
0.130702E-01
0.149021E-01
0.168858E-01
0.190298E-01
0.213426E-01
0.238324E-01
0.265076E-01
0.293758E-01
0.324446E-01
0.357210E-01
0.392116E-01
0.429222E-01
0.468583E-01
0.510242E-01
0.554238E-01
0.600599E-01
0.649345E-01
0.700488E-01
0.754030E-01
0.809964E-01
0.868272E-01
0.928931E-01
0.991905E-01
0.105715E+00
0.112462E+00
0.119426E+00
0.126600E+00
0.133977E+00
0.141550E+00
0.149311E+00
0.157251E+00
0.165362E+00
0.173635E+00
0.182060E+00
0.190628E+00
0.199330E+00
0.208157E+00
0.217098E+00
0.226145E+00
0.235287E+00
0.244517E+00
0.253823E+00
0.263197E+00
0.272631E+00
0.282113E+00
0.291637E+00
0.301193E+00
0.310771E+00
0.320364E+00
0.329962E+00
0.339557E+00
0.349140E+00
0.358703E+00
0.368236E+00
0.377731E+00
0.387179E+00
0.396572E+00
0.405900E+00
0.415155E+00
0.424328E+00
0.433410E+00
0.442391E+00
0.451263E+00
0.460017E+00
0.468644E+00
0.477133E+00
0.485476E+00
0.493664E+00
0.501687E+00
0.509536E+00
0.517201E+00
0.524672E+00
0.531941E+00
0.538997E+00
0.545830E+00
0.552432E+00
0.558791E+00
0.564898E+00
0.570743E+00
0.576315E+00
0.581605E+00
0.586602E+00
0.591299E+00
0.595685E+00
0.599754E+00
0.603499E+00
0.606915E+00
0.610000E+00
0.000000E+00
0.602311E-03
0.126658E-02
0.199820E-02
0.280295E-02
0.368689E-02
0.465645E-02
0.571834E-02
0.687960E-02
0.814753E-02
0.952967E-02
0.110338E-01
0.126679E-01
0.144399E-01
0.163581E-01
0.184306E-01
0.206655E-01
0.230708E-01
0.256545E-01
0.284240E-01
0.313866E-01
0.345492E-01
0.379182E-01
0.414993E-01
0.452979E-01
0.493184E-01
0.535647E-01
0.580398E-01
0.627460E-01
0.676846E-01
0.728562E-01
0.782605E-01
0.838964E-01
0.897617E-01
0.958537E-01
0.102169E+00
0.108703E+00
0.115450E+00
0.122406E+00
0.129564E+00
0.136916E+00
0.144457E+00
0.152178E+00
0.160072E+00
0.168129E+00
0.176343E+00
0.184704E+00
0.193204E+00
0.201834E+00
0.210585E+00
0.219449E+00
0.228416E+00
0.237478E+00
0.246627E+00
0.255853E+00
0.265148E+00
0.274504E+00
0.283912E+00
0.293364E+00
0.302851E+00
0.312366E+00
0.321899E+00
0.331443E+00
0.340989E+00
0.350529E+00
0.360055E+00
0.369559E+00
0.379031E+00
0.388464E+00
0.397848E+00
0.407176E+00
0.416438E+00
0.425625E+00
0.434729E+00
0.443741E+00
0.452651E+00
0.461450E+00
0.470128E+00
0.478677E+00
0.487087E+00
0.495348E+00
0.503449E+00
0.511382E+00
0.519136E+00
0.526701E+00
0.534066E+00
0.541222E+00
0.548156E+00
0.554858E+00
0.561317E+00
0.567520E+00
0.573458E+00
0.579117E+00
0.584485E+00
0.589552E+00
0.594306E+00
0.598736E+00
0.602833E+00
0.606590E+00
0.610000E+00
0.000000E+00
0.583453E-03
0.122690E-02
0.193549E-02
0.271473E-02
0.357043E-02
0.450869E-02
0.553594E-02
0.665889E-02
0.788451E-02
0.921999E-02
0.106728E-01
0.122504E-01
0.139606E-01
0.158111E-01
0.178098E-01
0.199645E-01
0.222828E-01
0.247723E-01
0.274403E-01
0.302938E-01
0.333394E-01
0.365834E-01
0.400315E-01
0.436889E-01
0.475600E-01
0.516488E-01
0.559585E-01
0.604915E-01
0.652494E-01
0.702331E-01
0.754427E-01
0.808774E-01
0.865359E-01
0.924157E-01
0.985140E-01
0.104827E+00
0.111350E+00
0.118079E+00
0.125008E+00
0.132131E+00
0.139442E+00
0.146934E+00
0.154599E+00
0.162431E+00
0.170422E+00
0.178563E+00
0.186848E+00
0.195269E+00
0.203816E+00
0.212483E+00
0.221261E+00
0.230142E+00
0.239118E+00
0.248181E+00
0.257324E+00
0.266538E+00
0.275816E+00
0.285149E+00
0.294530E+00
0.303952E+00
0.313406E+00
0.322885E+00
0.332381E+00
0.341886E+00
0.351392E+00
0.360891E+00
0.370376E+00
0.379838E+00
0.389269E+00
0.398660E+00
0.408003E+00
0.417290E+00
0.426511E+00
0.435657E+00
0.444720E+00
0.453691E+00
0.462559E+00
0.471316E+00
0.479951E+00
0.488455E+00
0.496818E+00
0.505028E+00
0.513077E+00
0.520953E+00
0.528644E+00
0.536140E+00
0.543429E+00
0.550499E+00
0.557337E+00
0.563930E+00
0.570265E+00
0.576328E+00
0.582106E+00
0.587583E+00
0.592747E+00
0.597582E+00
0.602077E+00
0.606220E+00
0.610000E+00
0.000000E+00
0.564000E-03
0.118596E-02
0.187081E-02
0.262376E-02
0.345035E-02
0.435640E-02
0.534803E-02
0.643160E-02
0.761377E-02
0.890138E-02
0.103015E-01
0.118213E-01
0.134682E-01
0.152496E-01
0.171730E-01
0.192458E-01
0.214753E-01
0.238688E-01
0.264333E-01
0.291756E-01
0.321021E-01
0.352189E-01
0.385316E-01
0.420452E-01
0.457642E-01
0.496927E-01
0.538340E-01
0.581905E-01
0.627642E-01
0.675562E-01
0.725671E-01
0.777964E-01
0.832433E-01
0.889059E-01
0.947819E-01
0.100868E+00
0.107161E+00
0.113657E+00
0.120350E+00
0.127235E+00
0.134308E+00
0.141561E+00
0.148990E+00
0.156586E+00
0.164343E+00
0.172255E+00
0.180314E+00
0.188513E+00
0.196844E+00
0.205302E+00
0.213877E+00
0.222563E+00
0.231353E+00
0.240240E+00
0.249215E+00
0.258273E+00
0.267405E+00
0.276605E+00
0.285865E+00
0.295179E+00
0.304539E+00
0.313937E+00
0.323368E+00
0.332823E+00
0.342295E+00
0.351777E+00
0.361261E+00
0.370739E+00
0.380204E+00
0.389647E+00
0.399061E+00
0.408437E+00
0.417767E+00
0.427041E+00
0.436251E+00
0.445389E+00
0.454444E+00
0.463407E+00
0.472268E+00
0.481018E+00
0.489645E+00
0.498141E+00
0.506493E+00
0.514690E+00
0.522722E+00
0.530576E+00
0.538239E+00
0.545699E+00
0.552942E+00
0.559953E+00
0.566718E+00
0.573221E+00
0.579446E+00
0.585376E+00
0.590993E+00
0.596280E+00
0.601221E+00
0.605799E+00
0.610000E+00
0.000000E+00
0.544098E-03
0.114409E-02
0.180464E-02
0.253072E-02
0.332758E-02
0.420074E-02
0.515602E-02
0.619947E-02
0.733738E-02
0.857628E-02
0.992287E-02
0.113840E-01
0.129667E-01
0.146780E-01
0.165250E-01
0.185148E-01
0.206545E-01
0.229509E-01
0.254108E-01
0.280407E-01
0.308469E-01
0.338352E-01
0.370110E-01
0.403794E-01
0.439449E-01
0.477115E-01
0.516824E-01
0.558605E-01
0.602479E-01
0.648460E-01
0.696556E-01
0.746767E-01
0.799089E-01
0.853508E-01
0.910007E-01
0.968561E-01
0.102914E+00
0.109171E+00
0.115623E+00
0.122265E+00
0.129093E+00
0.136101E+00
0.143284E+00
0.150637E+00
0.158152E+00
0.165824E+00
0.173647E+00
0.181614E+00
0.189719E+00
0.197956E+00
0.206316E+00
0.214796E+00
0.223386E+00
0.232082E+00
0.240876E+00
0.249763E+00
0.258735E+00
0.267786E+00
0.276910E+00
0.286100E+00
0.295350E+00
0.304653E+00
0.314002E+00
0.323392E+00
0.332814E+00
0.342263E+00
0.351731E+00
0.361211E+00
0.370695E+00
0.380177E+00
0.389649E+00
0.399102E+00
0.408528E+00
0.417920E+00
0.427269E+00
0.436565E+00
0.445801E+00
0.454965E+00
0.464050E+00
0.473044E+00
0.481938E+00
0.490721E+00
0.499382E+00
0.507909E+00
0.516292E+00
0.524517E+00
0.532572E+00
0.540442E+00
0.548114E+00
0.555571E+00
0.562798E+00
0.569776E+00
0.576487E+00
0.582911E+00
0.589028E+00
0.594817E+00
0.600256E+00
0.605324E+00
0.610000E+00
0.000000E+00
0.523883E-03
0.110156E-02
0.173745E-02
0.243625E-02
0.320295E-02
0.404278E-02
0.496125E-02
0.596408E-02
0.705726E-02
0.824696E-02
0.953952E-02
0.109415E-01
0.124594E-01
0.141001E-01
0.158703E-01
0.177767E-01
0.198260E-01
0.220249E-01
0.243798E-01
0.268970E-01
0.295824E-01
0.324417E-01
0.354803E-01
0.387031E-01
0.421145E-01
0.457186E-01
0.495186E-01
0.535176E-01
0.577178E-01
0.621209E-01
0.667279E-01
0.715394E-01
0.765552E-01
0.817745E-01
0.871960E-01
0.928179E-01
0.986377E-01
0.104652E+00
0.110859E+00
0.117253E+00
0.123832E+00
0.130589E+00
0.137521E+00
0.144623E+00
0.151889E+00
0.159314E+00
0.166892E+00
0.174619E+00
0.182487E+00
0.190492E+00
0.198627E+00
0.206887E+00
0.215266E+00
0.223759E+00
0.232358E+00
0.241060E+00
0.249857E+00
0.258745E+00
0.267717E+00
0.276768E+00
0.285892E+00
0.295082E+00
0.304334E+00
0.313641E+00
0.322997E+00
0.332396E+00
0.341831E+00
0.351296E+00
0.360784E+00
0.370289E+00
0.379802E+00
0.389318E+00
0.398828E+00
0.408324E+00
0.417799E+00
0.427243E+00
0.436649E+00
0.446007E+00
0.455308E+00
0.464542E+00
0.473700E+00
0.482770E+00
0.491742E+00
0.500605E+00
0.509346E+00
0.517953E+00
0.526413E+00
0.534712E+00
0.542834E+00
0.550763E+00
0.558481E+00
0.565968E+00
0.573205E+00
0.580168E+00
0.586834E+00
0.593176E+00
0.599170E+00
0.604786E+00
0.610000E+00
0.000000E+00
0.503481E-03
0.105863E-02
0.166963E-02
0.234094E-02
0.307724E-02
0.388351E-02
0.476493E-02
0.572693E-02
0.677517E-02
0.791547E-02
0.915385E-02
0.104965E-01
0.119496E-01
0.135196E-01
0.152130E-01
0.170360E-01
0.189951E-01
0.210966E-01
0.233467E-01
0.257514E-01
0.283163E-01
0.310471E-01
0.339489E-01
0.370264E-01
0.402842E-01
0.437261E-01
0.473557E-01
0.511759E-01
0.551891E-01
0.593973E-01
0.638019E-01
0.684035E-01
0.732024E-01
0.781984E-01
0.833906E-01
0.887775E-01
0.943575E-01
0.100128E+00
0.106087E+00
0.112231E+00
0.118556E+00
0.125058E+00
0.131735E+00
0.138581E+00
0.145591E+00
0.152762E+00
0.160089E+00
0.167566E+00
0.175190E+00
0.182953E+00
0.190853E+00
0.198884E+00
0.207040E+00
0.215317E+00
0.223709E+00
0.232212E+00
0.240821E+00
0.249531E+00
0.258336E+00
0.267232E+00
0.276213E+00
0.285275E+00
0.294412E+00
0.303619E+00
0.312890E+00
0.322221E+00
0.331606E+00
0.341038E+00
0.350512E+00
0.360021E+00
0.369560E+00
0.379121E+00
0.388697E+00
0.398282E+00
0.407868E+00
0.417447E+00
0.427010E+00
0.436550E+00
0.446058E+00
0.455524E+00
0.464938E+00
0.474292E+00
0.483573E+00
0.492772E+00
0.501876E+00
0.510873E+00
0.519749E+00
0.528491E+00
0.537082E+00
0.545507E+00
0.553745E+00
0.561776E+00
0.569578E+00
0.577124E+00
0.584389E+00
0.591342E+00
0.597950E+00
0.604181E+00
0.610000E+00
0.000000E+00
0.483007E-03
0.101556E-02
0.160160E-02
0.224532E-02
0.295117E-02
0.372383E-02
0.456818E-02
0.548936E-02
0.649269E-02
0.758369E-02
0.876803E-02
0.100515E-01
0.114401E-01
0.129398E-01
0.145567E-01
0.162969E-01
0.181664E-01
0.201712E-01
0.223173E-01
0.246103E-01
0.270558E-01
0.296590E-01
0.324251E-01
0.353586E-01
0.384639E-01
0.417450E-01
0.452054E-01
0.488480E-01
0.526755E-01
0.566900E-01
0.608930E-01
0.652857E-01
0.698685E-01
0.746417E-01
0.796048E-01
0.847569E-01
0.900967E-01
0.956225E-01
0.101332E+00
0.107223E+00
0.113293E+00
0.119538E+00
0.125956E+00
0.132542E+00
0.139293E+00
0.146205E+00
0.153274E+00
0.160496E+00
0.167866E+00
0.175381E+00
0.183037E+00
0.190828E+00
0.198750E+00
0.206801E+00
0.214974E+00
0.223266E+00
0.231673E+00
0.240190E+00
0.248813E+00
0.257538E+00
0.266361E+00
0.275277E+00
0.284282E+00
0.293371E+00
0.302540E+00
0.311784E+00
0.321099E+00
0.330479E+00
0.339919E+00
0.349414E+00
0.358958E+00
0.368546E+00
0.378170E+00
0.387825E+00
0.397504E+00
0.407200E+00
0.416906E+00
0.426613E+00
0.436314E+00
0.446000E+00
0.455661E+00
0.465290E+00
0.474875E+00
0.484407E+00
0.493874E+00
0.503264E+00
0.512565E+00
0.521762E+00
0.530839E+00
0.539780E+00
0.548565E+00
0.557173E+00
0.565579E+00
0.573756E+00
0.581672E+00
0.589294E+00
0.596583E+00
0.603499E+00
0.610000E+00
0.000000E+00
0.462568E-03
0.972556E-03
0.153368E-02
0.214990E-02
0.282540E-02
0.356456E-02
0.437202E-02
0.525259E-02
0.621130E-02
0.725333E-02
0.838404E-02
0.960891E-02
0.109335E-01
0.123636E-01
0.139049E-01
0.155631E-01
0.173440E-01
0.192533E-01
0.212966E-01
0.234793E-01
0.258069E-01
0.282842E-01
0.309163E-01
0.337077E-01
0.366625E-01
0.397848E-01
0.430779E-01
0.465451E-01
0.501890E-01
0.540118E-01
0.580153E-01
0.622009E-01
0.665695E-01
0.711214E-01
0.758568E-01
0.807751E-01
0.858755E-01
0.911569E-01
0.966176E-01
0.102256E+00
0.108069E+00
0.114056E+00
0.120212E+00
0.126536E+00
0.133024E+00
0.139673E+00
0.146480E+00
0.153441E+00
0.160553E+00
0.167812E+00
0.175215E+00
0.182759E+00
0.190439E+00
0.198252E+00
0.206195E+00
0.214264E+00
0.222456E+00
0.230767E+00
0.239194E+00
0.247733E+00
0.256382E+00
0.265135E+00
0.273990E+00
0.282944E+00
0.291991E+00
0.301130E+00
0.310355E+00
0.319662E+00
0.329048E+00
0.338508E+00
0.348036E+00
0.357629E+00
0.367281E+00
0.376985E+00
0.386738E+00
0.396531E+00
0.406360E+00
0.416216E+00
0.426093E+00
0.435984E+00
0.445879E+00
0.455771E+00
0.465651E+00
0.475510E+00
0.485336E+00
0.495119E+00
0.504847E+00
0.514507E+00
0.524083E+00
0.533560E+00
0.542917E+00
0.552133E+00
0.561183E+00
0.570035E+00
0.578658E+00
0.587012E+00
0.595053E+00
0.602733E+00
0.610000E+00
0.000000E+00
0.442260E-03
0.929833E-03
0.146622E-02
0.205513E-02
0.270050E-02
0.340646E-02
0.417736E-02
0.501773E-02
0.593229E-02
0.692592E-02
0.800365E-02
0.917065E-02
0.104322E-01
0.117936E-01
0.132604E-01
0.148379E-01
0.165316E-01
0.183469E-01
0.202892E-01
0.223635E-01
0.245751E-01
0.269287E-01
0.294292E-01
0.320808E-01
0.348877E-01
0.378538E-01
0.409825E-01
0.442771E-01
0.477402E-01
0.513742E-01
0.551811E-01
0.591624E-01
0.633193E-01
0.676526E-01
0.721626E-01
0.768492E-01
0.817121E-01
0.867506E-01
0.919636E-01
0.973497E-01
0.102907E+00
0.108635E+00
0.114530E+00
0.120590E+00
0.126813E+00
0.133196E+00
0.139738E+00
0.146434E+00
0.153282E+00
0.160280E+00
0.167425E+00
0.174713E+00
0.182142E+00
0.189709E+00
0.197412E+00
0.205247E+00
0.213213E+00
0.221305E+00
0.229522E+00
0.237861E+00
0.246319E+00
0.254893E+00
0.263582E+00
0.272381E+00
0.281289E+00
0.290302E+00
0.299417E+00
0.308631E+00
0.317941E+00
0.327343E+00
0.336834E+00
0.346409E+00
0.356065E+00
0.365796E+00
0.375599E+00
0.385468E+00
0.395398E+00
0.405382E+00
0.415416E+00
0.425492E+00
0.435604E+00
0.445744E+00
0.455905E+00
0.466079E+00
0.476257E+00
0.486429E+00
0.496584E+00
0.506711E+00
0.516796E+00
0.526823E+00
0.536775E+00
0.546628E+00
0.556359E+00
0.565935E+00
0.575321E+00
0.584473E+00
0.593342E+00
0.601872E+00
0.610000E+00
0.000000E+00
0.422170E-03
0.887571E-03
0.139949E-02
0.196141E-02
0.257702E-02
0.325020E-02
0.398504E-02
0.478577E-02
0.565684E-02
0.660282E-02
0.762844E-02
0.873856E-02
0.993813E-02
0.112322E-01
0.126259E-01
0.141242E-01
0.157325E-01
0.174557E-01
0.192990E-01
0.212672E-01
0.233652E-01
0.255978E-01
0.279693E-01
0.304841E-01
0.331462E-01
0.359594E-01
0.389271E-01
0.420524E-01
0.453382E-01
0.487870E-01
0.524008E-01
0.561815E-01
0.601302E-01
0.642482E-01
0.685361E-01
0.729942E-01
0.776225E-01
0.824206E-01
0.873881E-01
0.925240E-01
0.978272E-01
0.103296E+00
0.108930E+00
0.114727E+00
0.120684E+00
0.126801E+00
0.133074E+00
0.139503E+00
0.146084E+00
0.152817E+00
0.159697E+00
0.166724E+00
0.173895E+00
0.181209E+00
0.188662E+00
0.196254E+00
0.203982E+00
0.211844E+00
0.219838E+00
0.227962E+00
0.236215E+00
0.244595E+00
0.253100E+00
0.261727E+00
0.270476E+00
0.279343E+00
0.288328E+00
0.297427E+00
0.306639E+00
0.315961E+00
0.325390E+00
0.334924E+00
0.344560E+00
0.354294E+00
0.364122E+00
0.374042E+00
0.384048E+00
0.394137E+00
0.404304E+00
0.414543E+00
0.424851E+00
0.435220E+00
0.445644E+00
0.456119E+00
0.466635E+00
0.477187E+00
0.487764E+00
0.498358E+00
0.508957E+00
0.519546E+00
0.530111E+00
0.540630E+00
0.551078E+00
0.561424E+00
0.571631E+00
0.581652E+00
0.591432E+00
0.600906E+00
0.610000E+00
0.000000E+00
0.402377E-03
0.845935E-03
0.133375E-02
0.186910E-02
0.245543E-02
0.309639E-02
0.379578E-02
0.455760E-02
0.538599E-02
0.628525E-02
0.725982E-02
0.831423E-02
0.945316E-02
0.106813E-01
0.120035E-01
0.134246E-01
0.149494E-01
0.165828E-01
0.183294E-01
0.201941E-01
0.221815E-01
0.242959E-01
0.265417E-01
0.289231E-01
0.314440E-01
0.341079E-01
0.369184E-01
0.398786E-01
0.429912E-01
0.462589E-01
0.496839E-01
0.532681E-01
0.570129E-01
0.609198E-01
0.649896E-01
0.692230E-01
0.736203E-01
0.781817E-01
0.829068E-01
0.877953E-01
0.928466E-01
0.980598E-01
0.103434E+00
0.108968E+00
0.114660E+00
0.120510E+00
0.126515E+00
0.132674E+00
0.138986E+00
0.145449E+00
0.152062E+00
0.158823E+00
0.165731E+00
0.172784E+00
0.179980E+00
0.187320E+00
0.194800E+00
0.202421E+00
0.210180E+00
0.218077E+00
0.226111E+00
0.234281E+00
0.242585E+00
0.251024E+00
0.259595E+00
0.268297E+00
0.277131E+00
0.286094E+00
0.295185E+00
0.304403E+00
0.313747E+00
0.323214E+00
0.332804E+00
0.342514E+00
0.352342E+00
0.362286E+00
0.372342E+00
0.382509E+00
0.392782E+00
0.403160E+00
0.413638E+00
0.424212E+00
0.434879E+00
0.445634E+00
0.456473E+00
0.467390E+00
0.478380E+00
0.489435E+00
0.500548E+00
0.511707E+00
0.522900E+00
0.534108E+00
0.545308E+00
0.556471E+00
0.567558E+00
0.578521E+00
0.589300E+00
0.599822E+00
0.610000E+00
0.000000E+00
0.382951E-03
0.805072E-03
0.126925E-02
0.177853E-02
0.233616E-02
0.294554E-02
0.361024E-02
0.433399E-02
0.512066E-02
0.597428E-02
0.689900E-02
0.789908E-02
0.897888E-02
0.101428E-01
0.113955E-01
0.127413E-01
0.141849E-01
0.157308E-01
0.173836E-01
0.191476E-01
0.210274E-01
0.230270E-01
0.251507E-01
0.274024E-01
0.297859E-01
0.323048E-01
0.349624E-01
0.377618E-01
0.407059E-01
0.437973E-01
0.470382E-01
0.504307E-01
0.539765E-01
0.576770E-01
0.615336E-01
0.655469E-01
0.697178E-01
0.740466E-01
0.785334E-01
0.831784E-01
0.879811E-01
0.929413E-01
0.980583E-01
0.103332E+00
0.108760E+00
0.114344E+00
0.120081E+00
0.125971E+00
0.132012E+00
0.138205E+00
0.144547E+00
0.151038E+00
0.157678E+00
0.164465E+00
0.171398E+00
0.178477E+00
0.185702E+00
0.193071E+00
0.200585E+00
0.208243E+00
0.216045E+00
0.223991E+00
0.232080E+00
0.240312E+00
0.248688E+00
0.257206E+00
0.265868E+00
0.274673E+00
0.283621E+00
0.292712E+00
0.301946E+00
0.311321E+00
0.320839E+00
0.330497E+00
0.340297E+00
0.350235E+00
0.360313E+00
0.370528E+00
0.380880E+00
0.391366E+00
0.401987E+00
0.412739E+00
0.423622E+00
0.434634E+00
0.445773E+00
0.457038E+00
0.468425E+00
0.479932E+00
0.491554E+00
0.503285E+00
0.515115E+00
0.527032E+00
0.539016E+00
0.551041E+00
0.563069E+00
0.575051E+00
0.586924E+00
0.598606E+00
0.610000E+00
0.000000E+00
0.363952E-03
0.765111E-03
0.120617E-02
0.168999E-02
0.221959E-02
0.279815E-02
0.342900E-02
0.411563E-02
0.486166E-02
0.567085E-02
0.654707E-02
0.749431E-02
0.851666E-02
0.961827E-02
0.108034E-01
0.120762E-01
0.134410E-01
0.149022E-01
0.164640E-01
0.181305E-01
0.199059E-01
0.217944E-01
0.237997E-01
0.259258E-01
0.281763E-01
0.305546E-01
0.330639E-01
0.357075E-01
0.384880E-01
0.414082E-01
0.444703E-01
0.476765E-01
0.510286E-01
0.545283E-01
0.581768E-01
0.619755E-01
0.659251E-01
0.700264E-01
0.742798E-01
0.786857E-01
0.832442E-01
0.879552E-01
0.928188E-01
0.978346E-01
0.103002E+00
0.108322E+00
0.113792E+00
0.119413E+00
0.125184E+00
0.131105E+00
0.137176E+00
0.143395E+00
0.149763E+00
0.156280E+00
0.162945E+00
0.169758E+00
0.176720E+00
0.183830E+00
0.191089E+00
0.198497E+00
0.206055E+00
0.213763E+00
0.221622E+00
0.229633E+00
0.237796E+00
0.246112E+00
0.254583E+00
0.263209E+00
0.271992E+00
0.280931E+00
0.290030E+00
0.299287E+00
0.308705E+00
0.318284E+00
0.328025E+00
0.337929E+00
0.347997E+00
0.358230E+00
0.368627E+00
0.379192E+00
0.389923E+00
0.400822E+00
0.411892E+00
0.423132E+00
0.434545E+00
0.446133E+00
0.457897E+00
0.469839E+00
0.481960E+00
0.494259E+00
0.506733E+00
0.519374E+00
0.532170E+00
0.545098E+00
0.558127E+00
0.571208E+00
0.584276E+00
0.597243E+00
0.610000E+00
0.000000E+00
0.345437E-03
0.726167E-03
0.114471E-02
0.160372E-02
0.210604E-02
0.265461E-02
0.325256E-02
0.390312E-02
0.460969E-02
0.537576E-02
0.620495E-02
0.710099E-02
0.806768E-02
0.910892E-02
0.102287E-01
0.114309E-01
0.127196E-01
0.140989E-01
0.155727E-01
0.171450E-01
0.188198E-01
0.206008E-01
0.224919E-01
0.244967E-01
0.266186E-01
0.288611E-01
0.312272E-01
0.337201E-01
0.363425E-01
0.390969E-01
0.419859E-01
0.450115E-01
0.481758E-01
0.514804E-01
0.549270E-01
0.585168E-01
0.622509E-01
0.661304E-01
0.701559E-01
0.743280E-01
0.786474E-01
0.831141E-01
0.877286E-01
0.924910E-01
0.974012E-01
0.102459E+00
0.107666E+00
0.113020E+00
0.118522E+00
0.124172E+00
0.129970E+00
0.135916E+00
0.142011E+00
0.148255E+00
0.154648E+00
0.161190E+00
0.167883E+00
0.174727E+00
0.181723E+00
0.188872E+00
0.196175E+00
0.203634E+00
0.211249E+00
0.219024E+00
0.226959E+00
0.235055E+00
0.243316E+00
0.251743E+00
0.260338E+00
0.269104E+00
0.278042E+00
0.287155E+00
0.296446E+00
0.305916E+00
0.315569E+00
0.325407E+00
0.335433E+00
0.345650E+00
0.356060E+00
0.366668E+00
0.377475E+00
0.388488E+00
0.399709E+00
0.411145E+00
0.422801E+00
0.434682E+00
0.446797E+00
0.459152E+00
0.471755E+00
0.484612E+00
0.497728E+00
0.511103E+00
0.524734E+00
0.538607E+00
0.552695E+00
0.566957E+00
0.581328E+00
0.595716E+00
0.610000E+00
0.000000E+00
0.327451E-03
0.688339E-03
0.108501E-02
0.151995E-02
0.199579E-02
0.251529E-02
0.308134E-02
0.369698E-02
0.436534E-02
0.508970E-02
0.587343E-02
0.671999E-02
0.763295E-02
0.861594E-02
0.967264E-02
0.108068E-01
0.120221E-01
0.133225E-01
0.147116E-01
0.161932E-01
0.177710E-01
0.194487E-01
0.212297E-01
0.231177E-01
0.251159E-01
0.272275E-01
0.294556E-01
0.318032E-01
0.342730E-01
0.368677E-01
0.395895E-01
0.424407E-01
0.454234E-01
0.485393E-01
0.517902E-01
0.551775E-01
0.587025E-01
0.623664E-01
0.661701E-01
0.701146E-01
0.742005E-01
0.784285E-01
0.827991E-01
0.873129E-01
0.919701E-01
0.967713E-01
0.101717E+00
0.106807E+00
0.112042E+00
0.117423E+00
0.122950E+00
0.128624E+00
0.134445E+00
0.140414E+00
0.146532E+00
0.152800E+00
0.159219E+00
0.165791E+00
0.172518E+00
0.179399E+00
0.186439E+00
0.193638E+00
0.200999E+00
0.208523E+00
0.216215E+00
0.224076E+00
0.232109E+00
0.240317E+00
0.248704E+00
0.257272E+00
0.266026E+00
0.274970E+00
0.284106E+00
0.293439E+00
0.302973E+00
0.312713E+00
0.322664E+00
0.332830E+00
0.343217E+00
0.353831E+00
0.364678E+00
0.375766E+00
0.387102E+00
0.398695E+00
0.410557E+00
0.422698E+00
0.435131E+00
0.447871E+00
0.460932E+00
0.474330E+00
0.488079E+00
0.502192E+00
0.516675E+00
0.531527E+00
0.546734E+00
0.562260E+00
0.578048E+00
0.594005E+00
0.610000E+00
0.000000E+00
0.310036E-03
0.651712E-03
0.102722E-02
0.143886E-02
0.188909E-02
0.238048E-02
0.291572E-02
0.349763E-02
0.412913E-02
0.481327E-02
0.555318E-02
0.635209E-02
0.721331E-02
0.814023E-02
0.913630E-02
0.102050E-01
0.113498E-01
0.125744E-01
0.138821E-01
0.152766E-01
0.167613E-01
0.183397E-01
0.200152E-01
0.217909E-01
0.236703E-01
0.256562E-01
0.277518E-01
0.299598E-01
0.322830E-01
0.347238E-01
0.372848E-01
0.399680E-01
0.427756E-01
0.457095E-01
0.487715E-01
0.519631E-01
0.552858E-01
0.587408E-01
0.623295E-01
0.660528E-01
0.699117E-01
0.739072E-01
0.780399E-01
0.823107E-01
0.867203E-01
0.912694E-01
0.959588E-01
0.100789E+00
0.105761E+00
0.110875E+00
0.116133E+00
0.121535E+00
0.127083E+00
0.132777E+00
0.138620E+00
0.144612E+00
0.150755E+00
0.157051E+00
0.163502E+00
0.170110E+00
0.176878E+00
0.183808E+00
0.190904E+00
0.198167E+00
0.205602E+00
0.213212E+00
0.221001E+00
0.228972E+00
0.237131E+00
0.245481E+00
0.254028E+00
0.262776E+00
0.271730E+00
0.280897E+00
0.290282E+00
0.299892E+00
0.309733E+00
0.319813E+00
0.330140E+00
0.340721E+00
0.351568E+00
0.362690E+00
0.374100E+00
0.385810E+00
0.397837E+00
0.410197E+00
0.422910E+00
0.435999E+00
0.449487E+00
0.463402E+00
0.477768E+00
0.492614E+00
0.507960E+00
0.523821E+00
0.540200E+00
0.557076E+00
0.574401E+00
0.592089E+00
0.610000E+00
0.000000E+00
0.293225E-03
0.616359E-03
0.971436E-03
0.136061E-02
0.178615E-02
0.225045E-02
0.275601E-02
0.330545E-02
0.390149E-02
0.454695E-02
0.524474E-02
0.599788E-02
0.680944E-02
0.768258E-02
0.862050E-02
0.962645E-02
0.107037E-01
0.118556E-01
0.130855E-01
0.143965E-01
0.157921E-01
0.172755E-01
0.188498E-01
0.205182E-01
0.222837E-01
0.241493E-01
0.261179E-01
0.281921E-01
0.303747E-01
0.326680E-01
0.350746E-01
0.375965E-01
0.402359E-01
0.429948E-01
0.458749E-01
0.488779E-01
0.520054E-01
0.552589E-01
0.586396E-01
0.621489E-01
0.657878E-01
0.695575E-01
0.734590E-01
0.774933E-01
0.816613E-01
0.859640E-01
0.904025E-01
0.949777E-01
0.996907E-01
0.104543E+00
0.109535E+00
0.114668E+00
0.119944E+00
0.125365E+00
0.130932E+00
0.136647E+00
0.142512E+00
0.148530E+00
0.154702E+00
0.161032E+00
0.167522E+00
0.174176E+00
0.180997E+00
0.187989E+00
0.195156E+00
0.202502E+00
0.210032E+00
0.217750E+00
0.225662E+00
0.233774E+00
0.242090E+00
0.250619E+00
0.259366E+00
0.268338E+00
0.277544E+00
0.286991E+00
0.296688E+00
0.306646E+00
0.316874E+00
0.327383E+00
0.338188E+00
0.349301E+00
0.360740E+00
0.372521E+00
0.384667E+00
0.397201E+00
0.410151E+00
0.423546E+00
0.437423E+00
0.451821E+00
0.466780E+00
0.482345E+00
0.498556E+00
0.515450E+00
0.533050E+00
0.551360E+00
0.570349E+00
0.589942E+00
0.610000E+00
0.000000E+00
0.277049E-03
0.582341E-03
0.917768E-03
0.128533E-02
0.168714E-02
0.212541E-02
0.260247E-02
0.312074E-02
0.368276E-02
0.429114E-02
0.494858E-02
0.565789E-02
0.642191E-02
0.724359E-02
0.812589E-02
0.907186E-02
0.100846E-01
0.111671E-01
0.123225E-01
0.135539E-01
0.148644E-01
0.162570E-01
0.177348E-01
0.193007E-01
0.209575E-01
0.227082E-01
0.245554E-01
0.265018E-01
0.285500E-01
0.307023E-01
0.329611E-01
0.353285E-01
0.378068E-01
0.403978E-01
0.431033E-01
0.459252E-01
0.488651E-01
0.519246E-01
0.551050E-01
0.584077E-01
0.618341E-01
0.653854E-01
0.690628E-01
0.728676E-01
0.768008E-01
0.808637E-01
0.850575E-01
0.893835E-01
0.938428E-01
0.984371E-01
0.103168E+00
0.108036E+00
0.113044E+00
0.118194E+00
0.123487E+00
0.128926E+00
0.134513E+00
0.140250E+00
0.146142E+00
0.152190E+00
0.158399E+00
0.164771E+00
0.171311E+00
0.178023E+00
0.184912E+00
0.191982E+00
0.199240E+00
0.206690E+00
0.214338E+00
0.222192E+00
0.230259E+00
0.238545E+00
0.247059E+00
0.255810E+00
0.264807E+00
0.274060E+00
0.283580E+00
0.293378E+00
0.303468E+00
0.313865E+00
0.324584E+00
0.335643E+00
0.347064E+00
0.358868E+00
0.371083E+00
0.383741E+00
0.396875E+00
0.410529E+00
0.424748E+00
0.439587E+00
0.455104E+00
0.471364E+00
0.488433E+00
0.506373E+00
0.525240E+00
0.545066E+00
0.565850E+00
0.587537E+00
0.610000E+00
0.000000E+00
0.261532E-03
0.549709E-03
0.866289E-03
0.121313E-02
0.159219E-02
0.200553E-02
0.245530E-02
0.294375E-02
0.347323E-02
0.404616E-02
0.466505E-02
0.533250E-02
0.605115E-02
0.682373E-02
0.765301E-02
0.854180E-02
0.949296E-02
0.105094E-01
0.115939E-01
0.127495E-01
0.139789E-01
0.152852E-01
0.166710E-01
0.181393E-01
0.196927E-01
0.213339E-01
0.230655E-01
0.248901E-01
0.268102E-01
0.288279E-01
0.309457E-01
0.331657E-01
0.354900E-01
0.379205E-01
0.404591E-01
0.431076E-01
0.458676E-01
0.487409E-01
0.517288E-01
0.548330E-01
0.580547E-01
0.613955E-01
0.648566E-01
0.684395E-01
0.721453E-01
0.759756E-01
0.799317E-01
0.840149E-01
0.882270E-01
0.925693E-01
0.970437E-01
0.101652E+00
0.106396E+00
0.111278E+00
0.116300E+00
0.121465E+00
0.126775E+00
0.132234E+00
0.137844E+00
0.143609E+00
0.149533E+00
0.155620E+00
0.161873E+00
0.168299E+00
0.174902E+00
0.181687E+00
0.188661E+00
0.195830E+00
0.203200E+00
0.210780E+00
0.218577E+00
0.226601E+00
0.234859E+00
0.243362E+00
0.252122E+00
0.261150E+00
0.270459E+00
0.280062E+00
0.289976E+00
0.300218E+00
0.310808E+00
0.321766E+00
0.333119E+00
0.344894E+00
0.357125E+00
0.369850E+00
0.383114E+00
0.396969E+00
0.411476E+00
0.426705E+00
0.442735E+00
0.459656E+00
0.477563E+00
0.496554E+00
0.516722E+00
0.538143E+00
0.560857E+00
0.584845E+00
0.610000E+00
0.000000E+00
0.246692E-03
0.518503E-03
0.817065E-03
0.114410E-02
0.150143E-02
0.189096E-02
0.231468E-02
0.277468E-02
0.327312E-02
0.381227E-02
0.439443E-02
0.502202E-02
0.569749E-02
0.642336E-02
0.720221E-02
0.803665E-02
0.892934E-02
0.988294E-02
0.109002E-01
0.119837E-01
0.131362E-01
0.143605E-01
0.156590E-01
0.170346E-01
0.184898E-01
0.200270E-01
0.216489E-01
0.233577E-01
0.251560E-01
0.270458E-01
0.290295E-01
0.311091E-01
0.332867E-01
0.355643E-01
0.379436E-01
0.404265E-01
0.430147E-01
0.457099E-01
0.485136E-01
0.514274E-01
0.544528E-01
0.575913E-01
0.608443E-01
0.642134E-01
0.676999E-01
0.713053E-01
0.750312E-01
0.788792E-01
0.828510E-01
0.869482E-01
0.911728E-01
0.955267E-01
0.100012E+00
0.104631E+00
0.109387E+00
0.114281E+00
0.119317E+00
0.124499E+00
0.129829E+00
0.135311E+00
0.140949E+00
0.146748E+00
0.152712E+00
0.158846E+00
0.165157E+00
0.171650E+00
0.178331E+00
0.185208E+00
0.192287E+00
0.199579E+00
0.207090E+00
0.214831E+00
0.222812E+00
0.231044E+00
0.239541E+00
0.248314E+00
0.257380E+00
0.266753E+00
0.276453E+00
0.286499E+00
0.296914E+00
0.307724E+00
0.318959E+00
0.330651E+00
0.342840E+00
0.355574E+00
0.368905E+00
0.382899E+00
0.397631E+00
0.413189E+00
0.429676E+00
0.447211E+00
0.465924E+00
0.485956E+00
0.507452E+00
0.530541E+00
0.555322E+00
0.581831E+00
0.610000E+00
0.000000E+00
0.232544E-03
0.488754E-03
0.770144E-03
0.107831E-02
0.141494E-02
0.178179E-02
0.218073E-02
0.261366E-02
0.308261E-02
0.358964E-02
0.413693E-02
0.472668E-02
0.536117E-02
0.604274E-02
0.677378E-02
0.755670E-02
0.839398E-02
0.928810E-02
0.102416E-01
0.112569E-01
0.123366E-01
0.134832E-01
0.146991E-01
0.159870E-01
0.173491E-01
0.187879E-01
0.203058E-01
0.219050E-01
0.235878E-01
0.253564E-01
0.272128E-01
0.291592E-01
0.311976E-01
0.333298E-01
0.355576E-01
0.378830E-01
0.403075E-01
0.428329E-01
0.454608E-01
0.481928E-01
0.510305E-01
0.539753E-01
0.570288E-01
0.601926E-01
0.634682E-01
0.668572E-01
0.703613E-01
0.739820E-01
0.777213E-01
0.815809E-01
0.855628E-01
0.896693E-01
0.939024E-01
0.982648E-01
0.102759E+00
0.107388E+00
0.112154E+00
0.117062E+00
0.122114E+00
0.127314E+00
0.132668E+00
0.138179E+00
0.143852E+00
0.149693E+00
0.155707E+00
0.161902E+00
0.168284E+00
0.174860E+00
0.181638E+00
0.188628E+00
0.195839E+00
0.203281E+00
0.210966E+00
0.218906E+00
0.227114E+00
0.235606E+00
0.244398E+00
0.253508E+00
0.262957E+00
0.272767E+00
0.282964E+00
0.293578E+00
0.304641E+00
0.316195E+00
0.328284E+00
0.340962E+00
0.354295E+00
0.368358E+00
0.383243E+00
0.399059E+00
0.415936E+00
0.434024E+00
0.453497E+00
0.474548E+00
0.497381E+00
0.522203E+00
0.549189E+00
0.578455E+00
0.610000E+00
0.000000E+00
0.219102E-03
0.460488E-03
0.725564E-03
0.101581E-02
0.133279E-02
0.167813E-02
0.205354E-02
0.246081E-02
0.290180E-02
0.337842E-02
0.389268E-02
0.444662E-02
0.504234E-02
0.568202E-02
0.636786E-02
0.710210E-02
0.788704E-02
0.872497E-02
0.961823E-02
0.105692E-01
0.115801E-01
0.126534E-01
0.137914E-01
0.149964E-01
0.162707E-01
0.176166E-01
0.190363E-01
0.205319E-01
0.221056E-01
0.237596E-01
0.254957E-01
0.273161E-01
0.292226E-01
0.312171E-01
0.333014E-01
0.354773E-01
0.377465E-01
0.401106E-01
0.425713E-01
0.451302E-01
0.477889E-01
0.505490E-01
0.534120E-01
0.563795E-01
0.594532E-01
0.626346E-01
0.659256E-01
0.693277E-01
0.728430E-01
0.764733E-01
0.802206E-01
0.840873E-01
0.880756E-01
0.921881E-01
0.964274E-01
0.100796E+00
0.105299E+00
0.109937E+00
0.114716E+00
0.119638E+00
0.124709E+00
0.129934E+00
0.135317E+00
0.140863E+00
0.146580E+00
0.152474E+00
0.158551E+00
0.164820E+00
0.171290E+00
0.177969E+00
0.184867E+00
0.191997E+00
0.199369E+00
0.206997E+00
0.214896E+00
0.223081E+00
0.231572E+00
0.240387E+00
0.249550E+00
0.259085E+00
0.269020E+00
0.279390E+00
0.290232E+00
0.301590E+00
0.313516E+00
0.326074E+00
0.339336E+00
0.353394E+00
0.368355E+00
0.384349E+00
0.401536E+00
0.420103E+00
0.440273E+00
0.462300E+00
0.486468E+00
0.513074E+00
0.542402E+00
0.574677E+00
0.610000E+00
0.000000E+00
0.206372E-03
0.433723E-03
0.683354E-03
0.956639E-03
0.125502E-02
0.158001E-02
0.193319E-02
0.231621E-02
0.273078E-02
0.317869E-02
0.366177E-02
0.418192E-02
0.474109E-02
0.534128E-02
0.598453E-02
0.667291E-02
0.740855E-02
0.819359E-02
0.903018E-02
0.992051E-02
0.108668E-01
0.118711E-01
0.129357E-01
0.140628E-01
0.152545E-01
0.165129E-01
0.178401E-01
0.192382E-01
0.207092E-01
0.222551E-01
0.238779E-01
0.255794E-01
0.273615E-01
0.292261E-01
0.311748E-01
0.332094E-01
0.353315E-01
0.375430E-01
0.398452E-01
0.422400E-01
0.447288E-01
0.473133E-01
0.499949E-01
0.527755E-01
0.556565E-01
0.586397E-01
0.617268E-01
0.649196E-01
0.682200E-01
0.716299E-01
0.751515E-01
0.787870E-01
0.825387E-01
0.864093E-01
0.904014E-01
0.945181E-01
0.987625E-01
0.103138E+00
0.107649E+00
0.112298E+00
0.117091E+00
0.122033E+00
0.127128E+00
0.132382E+00
0.137801E+00
0.143393E+00
0.149164E+00
0.155122E+00
0.161277E+00
0.167638E+00
0.174215E+00
0.181021E+00
0.188066E+00
0.195367E+00
0.202937E+00
0.210795E+00
0.218959E+00
0.227451E+00
0.236295E+00
0.245518E+00
0.255151E+00
0.265231E+00
0.275800E+00
0.286906E+00
0.298608E+00
0.310977E+00
0.324095E+00
0.338067E+00
0.353018E+00
0.369101E+00
0.386506E+00
0.405463E+00
0.426249E+00
0.449192E+00
0.474671E+00
0.503098E+00
0.534897E+00
0.570447E+00
0.610000E+00
0.000000E+00
0.194361E-03
0.408469E-03
0.643531E-03
0.900818E-03
0.118167E-02
0.148748E-02
0.181971E-02
0.217989E-02
0.256960E-02
0.299049E-02
0.344425E-02
0.393263E-02
0.445745E-02
0.502053E-02
0.562378E-02
0.626911E-02
0.695848E-02
0.769388E-02
0.847731E-02
0.931079E-02
0.101963E-01
0.111360E-01
0.121318E-01
0.131858E-01
0.143000E-01
0.154763E-01
0.167168E-01
0.180234E-01
0.193980E-01
0.208425E-01
0.223587E-01
0.239485E-01
0.256137E-01
0.273560E-01
0.291770E-01
0.310785E-01
0.330622E-01
0.351295E-01
0.372822E-01
0.395218E-01
0.418500E-01
0.442682E-01
0.467780E-01
0.493812E-01
0.520792E-01
0.548739E-01
0.577669E-01
0.607600E-01
0.638551E-01
0.670543E-01
0.703596E-01
0.737732E-01
0.772975E-01
0.809351E-01
0.846887E-01
0.885613E-01
0.925560E-01
0.966764E-01
0.100926E+00
0.105309E+00
0.109830E+00
0.114493E+00
0.119305E+00
0.124269E+00
0.129394E+00
0.134685E+00
0.140150E+00
0.145797E+00
0.151635E+00
0.157673E+00
0.163923E+00
0.170396E+00
0.177105E+00
0.184065E+00
0.191292E+00
0.198803E+00
0.206619E+00
0.214761E+00
0.223257E+00
0.232135E+00
0.241427E+00
0.251174E+00
0.261420E+00
0.272220E+00
0.283636E+00
0.295746E+00
0.308645E+00
0.322447E+00
0.337296E+00
0.353370E+00
0.370890E+00
0.390131E+00
0.411434E+00
0.435212E+00
0.461953E+00
0.492218E+00
0.526609E+00
0.565714E+00
0.610000E+00
0.000000E+00
0.183072E-03
0.384734E-03
0.606105E-03
0.848364E-03
0.111275E-02
0.140055E-02
0.171312E-02
0.205187E-02
0.241826E-02
0.281382E-02
0.324010E-02
0.369873E-02
0.419138E-02
0.471973E-02
0.528555E-02
0.589060E-02
0.653671E-02
0.722569E-02
0.795942E-02
0.873976E-02
0.956859E-02
0.104478E-01
0.113793E-01
0.123650E-01
0.134067E-01
0.145063E-01
0.156657E-01
0.168868E-01
0.181712E-01
0.195208E-01
0.209373E-01
0.224226E-01
0.239782E-01
0.256058E-01
0.273072E-01
0.290838E-01
0.309374E-01
0.328694E-01
0.348814E-01
0.369751E-01
0.391518E-01
0.414133E-01
0.437610E-01
0.461965E-01
0.487215E-01
0.513376E-01
0.540466E-01
0.568502E-01
0.597503E-01
0.627488E-01
0.658479E-01
0.690496E-01
0.723565E-01
0.757709E-01
0.792955E-01
0.829334E-01
0.866875E-01
0.905613E-01
0.945584E-01
0.986828E-01
0.102939E+00
0.107331E+00
0.111865E+00
0.116546E+00
0.121380E+00
0.126375E+00
0.131536E+00
0.136873E+00
0.142393E+00
0.148108E+00
0.154028E+00
0.160164E+00
0.166529E+00
0.173139E+00
0.180010E+00
0.187160E+00
0.194610E+00
0.202382E+00
0.210504E+00
0.219006E+00
0.227923E+00
0.237297E+00
0.247175E+00
0.257614E+00
0.268684E+00
0.280468E+00
0.293070E+00
0.306616E+00
0.321267E+00
0.337225E+00
0.354746E+00
0.374152E+00
0.395853E+00
0.420357E+00
0.448287E+00
0.480380E+00
0.517469E+00
0.560418E+00
0.610000E+00
0.000000E+00
0.172507E-03
0.362521E-03
0.571081E-03
0.799279E-03
0.104826E-02
0.131922E-02
0.161342E-02
0.193215E-02
0.227676E-02
0.264867E-02
0.304931E-02
0.348018E-02
0.394282E-02
0.443879E-02
0.496972E-02
0.553725E-02
0.614304E-02
0.678880E-02
0.747624E-02
0.820711E-02
0.898314E-02
0.980610E-02
0.106777E-01
0.115998E-01
0.125741E-01
0.136023E-01
0.146862E-01
0.158275E-01
0.170279E-01
0.182891E-01
0.196127E-01
0.210004E-01
0.224538E-01
0.239745E-01
0.255641E-01
0.272241E-01
0.289560E-01
0.307613E-01
0.326417E-01
0.345985E-01
0.366334E-01
0.387477E-01
0.409431E-01
0.432210E-01
0.455831E-01
0.480310E-01
0.505663E-01
0.531909E-01
0.559065E-01
0.587150E-01
0.616185E-01
0.646191E-01
0.677191E-01
0.709208E-01
0.742270E-01
0.776404E-01
0.811640E-01
0.848012E-01
0.885554E-01
0.924306E-01
0.964308E-01
0.100561E+00
0.104825E+00
0.109230E+00
0.113781E+00
0.118484E+00
0.123347E+00
0.128377E+00
0.133584E+00
0.138977E+00
0.144566E+00
0.150363E+00
0.156382E+00
0.162637E+00
0.169144E+00
0.175922E+00
0.182991E+00
0.190376E+00
0.198104E+00
0.206205E+00
0.214716E+00
0.223680E+00
0.233147E+00
0.243177E+00
0.253844E+00
0.265236E+00
0.277464E+00
0.290667E+00
0.305021E+00
0.320752E+00
0.338148E+00
0.357585E+00
0.379543E+00
0.404640E+00
0.433653E+00
0.467534E+00
0.507404E+00
0.554494E+00
0.610000E+00
0.000000E+00
0.162665E-03
0.341829E-03
0.538457E-03
0.753562E-03
0.988206E-03
0.124350E-02
0.152059E-02
0.182070E-02
0.214507E-02
0.249499E-02
0.287180E-02
0.327689E-02
0.371167E-02
0.417759E-02
0.467615E-02
0.520885E-02
0.577726E-02
0.638293E-02
0.702747E-02
0.771247E-02
0.843955E-02
0.921036E-02
0.100265E-01
0.108897E-01
0.118014E-01
0.127634E-01
0.137773E-01
0.148447E-01
0.159672E-01
0.171464E-01
0.183837E-01
0.196809E-01
0.210394E-01
0.224607E-01
0.239463E-01
0.254978E-01
0.271165E-01
0.288039E-01
0.305616E-01
0.323908E-01
0.342932E-01
0.362701E-01
0.383231E-01
0.404535E-01
0.426631E-01
0.449532E-01
0.473257E-01
0.497820E-01
0.523241E-01
0.549537E-01
0.576728E-01
0.604834E-01
0.633877E-01
0.663881E-01
0.694871E-01
0.726872E-01
0.759915E-01
0.794031E-01
0.829253E-01
0.865618E-01
0.903166E-01
0.941940E-01
0.981989E-01
0.102336E+00
0.106612E+00
0.111033E+00
0.115605E+00
0.120336E+00
0.125234E+00
0.130309E+00
0.135572E+00
0.141032E+00
0.146704E+00
0.152602E+00
0.158742E+00
0.165141E+00
0.171822E+00
0.178807E+00
0.186124E+00
0.193804E+00
0.201884E+00
0.210408E+00
0.219427E+00
0.229004E+00
0.239214E+00
0.250151E+00
0.261933E+00
0.274707E+00
0.288664E+00
0.304051E+00
0.321191E+00
0.340509E+00
0.362564E+00
0.388093E+00
0.418047E+00
0.453637E+00
0.496341E+00
0.547870E+00
0.610000E+00
0.000000E+00
0.153544E-03
0.322654E-03
0.508226E-03
0.711202E-03
0.932567E-03
0.117335E-02
0.143462E-02
0.171749E-02
0.202313E-02
0.235272E-02
0.270751E-02
0.308877E-02
0.349781E-02
0.393597E-02
0.440464E-02
0.490520E-02
0.543910E-02
0.600779E-02
0.661273E-02
0.725542E-02
0.793736E-02
0.866006E-02
0.942504E-02
0.102338E-01
0.110879E-01
0.119889E-01
0.129382E-01
0.139374E-01
0.149879E-01
0.160914E-01
0.172491E-01
0.184626E-01
0.197334E-01
0.210628E-01
0.224523E-01
0.239033E-01
0.254173E-01
0.269955E-01
0.286394E-01
0.303503E-01
0.321297E-01
0.339790E-01
0.358996E-01
0.378928E-01
0.399603E-01
0.421034E-01
0.443239E-01
0.466231E-01
0.490029E-01
0.514650E-01
0.540113E-01
0.566437E-01
0.593642E-01
0.621751E-01
0.650788E-01
0.680777E-01
0.711747E-01
0.743727E-01
0.776748E-01
0.810845E-01
0.846056E-01
0.882422E-01
0.919988E-01
0.958803E-01
0.998921E-01
0.104040E+00
0.108331E+00
0.112771E+00
0.117370E+00
0.122135E+00
0.127077E+00
0.132207E+00
0.137536E+00
0.143079E+00
0.148852E+00
0.154872E+00
0.161159E+00
0.167737E+00
0.174633E+00
0.181878E+00
0.189508E+00
0.197567E+00
0.206108E+00
0.215193E+00
0.224900E+00
0.235325E+00
0.246591E+00
0.258854E+00
0.272315E+00
0.287241E+00
0.303986E+00
0.323025E+00
0.344999E+00
0.370768E+00
0.401483E+00
0.438656E+00
0.484209E+00
0.540467E+00
0.610000E+00
0.000000E+00
0.145142E-03
0.304991E-03
0.480380E-03
0.672187E-03
0.881326E-03
0.110875E-02
0.135546E-02
0.162248E-02
0.191089E-02
0.222180E-02
0.255634E-02
0.291571E-02
0.330110E-02
0.371377E-02
0.415499E-02
0.462605E-02
0.512829E-02
0.566303E-02
0.623166E-02
0.683554E-02
0.747607E-02
0.815465E-02
0.887270E-02
0.963162E-02
0.104328E-01
0.112778E-01
0.121679E-01
0.131045E-01
0.140890E-01
0.151229E-01
0.162075E-01
0.173442E-01
0.185344E-01
0.197794E-01
0.210805E-01
0.224392E-01
0.238566E-01
0.253342E-01
0.268733E-01
0.284752E-01
0.301412E-01
0.318726E-01
0.336708E-01
0.355372E-01
0.374732E-01
0.394802E-01
0.415597E-01
0.437133E-01
0.459424E-01
0.482488E-01
0.506342E-01
0.531004E-01
0.556495E-01
0.582834E-01
0.610044E-01
0.638149E-01
0.667174E-01
0.697147E-01
0.728097E-01
0.760056E-01
0.793060E-01
0.827147E-01
0.862359E-01
0.898741E-01
0.936343E-01
0.975222E-01
0.101544E+00
0.105706E+00
0.110015E+00
0.114481E+00
0.119113E+00
0.123920E+00
0.128914E+00
0.134110E+00
0.139521E+00
0.145164E+00
0.151059E+00
0.157229E+00
0.163699E+00
0.170500E+00
0.177668E+00
0.185245E+00
0.193284E+00
0.201846E+00
0.211012E+00
0.220876E+00
0.231566E+00
0.243240E+00
0.256111E+00
0.270460E+00
0.286670E+00
0.305262E+00
0.326955E+00
0.352744E+00
0.383998E+00
0.422576E+00
0.470938E+00
0.532199E+00
0.610000E+00
0.000000E+00
0.137456E-03
0.288832E-03
0.454908E-03
0.636500E-03
0.834460E-03
0.104968E-02
0.128308E-02
0.153561E-02
0.180829E-02
0.210213E-02
0.241819E-02
0.275757E-02
0.312140E-02
0.351081E-02
0.392700E-02
0.437116E-02
0.484453E-02
0.534834E-02
0.588386E-02
0.645237E-02
0.705517E-02
0.769355E-02
0.836883E-02
0.908233E-02
0.983536E-02
0.106293E-01
0.114653E-01
0.123449E-01
0.132693E-01
0.142398E-01
0.152577E-01
0.163243E-01
0.174409E-01
0.186088E-01
0.198292E-01
0.211035E-01
0.224328E-01
0.238184E-01
0.252615E-01
0.267635E-01
0.283256E-01
0.299490E-01
0.316351E-01
0.333850E-01
0.352003E-01
0.370821E-01
0.390319E-01
0.410512E-01
0.431414E-01
0.453041E-01
0.475410E-01
0.498537E-01
0.522440E-01
0.547140E-01
0.572655E-01
0.599010E-01
0.626226E-01
0.654329E-01
0.683347E-01
0.713309E-01
0.744248E-01
0.776198E-01
0.809199E-01
0.843291E-01
0.878521E-01
0.914941E-01
0.952605E-01
0.991576E-01
0.103192E+00
0.107372E+00
0.111706E+00
0.116203E+00
0.120875E+00
0.125733E+00
0.130791E+00
0.136066E+00
0.141576E+00
0.147342E+00
0.153388E+00
0.159744E+00
0.166445E+00
0.173531E+00
0.181053E+00
0.189072E+00
0.197665E+00
0.206930E+00
0.216990E+00
0.228009E+00
0.240203E+00
0.253866E+00
0.269402E+00
0.287373E+00
0.308575E+00
0.334137E+00
0.365661E+00
0.405402E+00
0.456468E+00
0.522974E+00
0.610000E+00
0.000000E+00
0.130481E-03
0.274170E-03
0.431796E-03
0.604122E-03
0.791944E-03
0.996090E-03
0.121742E-02
0.145683E-02
0.171525E-02
0.199363E-02
0.229296E-02
0.261425E-02
0.295854E-02
0.332691E-02
0.372045E-02
0.414028E-02
0.458753E-02
0.506336E-02
0.556895E-02
0.610548E-02
0.667416E-02
0.727620E-02
0.791282E-02
0.858524E-02
0.929470E-02
0.100424E-01
0.108297E-01
0.116577E-01
0.125276E-01
0.134407E-01
0.143983E-01
0.154015E-01
0.164515E-01
0.175496E-01
0.186969E-01
0.198946E-01
0.211439E-01
0.224461E-01
0.238022E-01
0.252135E-01
0.266812E-01
0.282064E-01
0.297904E-01
0.314343E-01
0.331396E-01
0.349073E-01
0.367389E-01
0.386356E-01
0.405989E-01
0.426303E-01
0.447311E-01
0.469031E-01
0.491479E-01
0.514673E-01
0.538632E-01
0.563375E-01
0.588925E-01
0.615304E-01
0.642538E-01
0.670653E-01
0.699678E-01
0.729646E-01
0.760592E-01
0.792552E-01
0.825570E-01
0.859691E-01
0.894966E-01
0.931451E-01
0.969208E-01
0.100831E+00
0.104883E+00
0.109086E+00
0.113449E+00
0.117985E+00
0.122705E+00
0.127625E+00
0.132761E+00
0.138133E+00
0.143765E+00
0.149682E+00
0.155919E+00
0.162513E+00
0.169513E+00
0.176978E+00
0.184981E+00
0.193617E+00
0.203008E+00
0.213317E+00
0.224760E+00
0.237637E+00
0.252367E+00
0.269547E+00
0.290038E+00
0.315099E+00
0.346578E+00
0.387171E+00
0.440751E+00
0.512693E+00
0.610000E+00
0.000000E+00
0.124215E-03
0.260997E-03
0.411031E-03
0.575034E-03
0.753750E-03
0.947956E-03
0.115846E-02
0.138609E-02
0.163171E-02
0.189622E-02
0.218053E-02
0.248560E-02
0.281239E-02
0.316189E-02
0.353514E-02
0.393315E-02
0.435701E-02
0.480778E-02
0.528655E-02
0.579444E-02
0.633257E-02
0.690206E-02
0.750405E-02
0.813969E-02
0.881013E-02
0.951653E-02
0.102600E-01
0.110418E-01
0.118630E-01
0.127247E-01
0.136282E-01
0.145745E-01
0.155648E-01
0.166002E-01
0.176819E-01
0.188109E-01
0.199885E-01
0.212156E-01
0.224935E-01
0.238233E-01
0.252060E-01
0.266428E-01
0.281349E-01
0.296834E-01
0.312894E-01
0.329542E-01
0.346790E-01
0.364650E-01
0.383136E-01
0.402260E-01
0.422038E-01
0.442483E-01
0.463610E-01
0.485437E-01
0.507980E-01
0.531258E-01
0.555290E-01
0.580097E-01
0.605701E-01
0.632127E-01
0.659402E-01
0.687553E-01
0.716611E-01
0.746612E-01
0.777592E-01
0.809592E-01
0.842657E-01
0.876839E-01
0.912192E-01
0.948779E-01
0.986670E-01
0.102594E+00
0.106669E+00
0.110901E+00
0.115301E+00
0.119884E+00
0.124664E+00
0.129659E+00
0.134891E+00
0.140384E+00
0.146168E+00
0.152279E+00
0.158763E+00
0.165673E+00
0.173080E+00
0.181073E+00
0.189771E+00
0.199330E+00
0.209964E+00
0.221972E+00
0.235779E+00
0.252004E+00
0.271563E+00
0.295835E+00
0.326911E+00
0.367966E+00
0.423765E+00
0.501254E+00
0.610000E+00
0.000000E+00
0.118652E-03
0.249303E-03
0.392600E-03
0.549216E-03
0.719853E-03
0.905240E-03
0.110613E-02
0.132332E-02
0.155760E-02
0.180981E-02
0.208082E-02
0.237151E-02
0.268279E-02
0.301559E-02
0.337085E-02
0.374956E-02
0.415270E-02
0.458128E-02
0.503633E-02
0.551886E-02
0.602994E-02
0.657062E-02
0.714197E-02
0.774506E-02
0.838096E-02
0.905076E-02
0.975554E-02
0.104964E-01
0.112744E-01
0.120906E-01
0.129461E-01
0.138421E-01
0.147794E-01
0.157593E-01
0.167828E-01
0.178510E-01
0.189648E-01
0.201254E-01
0.213338E-01
0.225911E-01
0.238984E-01
0.252566E-01
0.266669E-01
0.281304E-01
0.296481E-01
0.312212E-01
0.328507E-01
0.345380E-01
0.362841E-01
0.380904E-01
0.399580E-01
0.418884E-01
0.438830E-01
0.459431E-01
0.480705E-01
0.502667E-01
0.525335E-01
0.548727E-01
0.572865E-01
0.597768E-01
0.623462E-01
0.649971E-01
0.677322E-01
0.705546E-01
0.734676E-01
0.764748E-01
0.795802E-01
0.827882E-01
0.861038E-01
0.895323E-01
0.930800E-01
0.967538E-01
0.100562E+00
0.104512E+00
0.108616E+00
0.112884E+00
0.117331E+00
0.121972E+00
0.126826E+00
0.131916E+00
0.137268E+00
0.142915E+00
0.148898E+00
0.155266E+00
0.162086E+00
0.169438E+00
0.177435E+00
0.186224E+00
0.196012E+00
0.207089E+00
0.219877E+00
0.235003E+00
0.253420E+00
0.276606E+00
0.306884E+00
0.347928E+00
0.405524E+00
0.488556E+00
0.610000E+00
0.000000E+00
0.113790E-03
0.239082E-03
0.376490E-03
0.526652E-03
0.690230E-03
0.867913E-03
0.106042E-02
0.126847E-02
0.149285E-02
0.173433E-02
0.199373E-02
0.227188E-02
0.256962E-02
0.288784E-02
0.322743E-02
0.358929E-02
0.397437E-02
0.438360E-02
0.481795E-02
0.527838E-02
0.576588E-02
0.628144E-02
0.682607E-02
0.740077E-02
0.800656E-02
0.864445E-02
0.931546E-02
0.100206E-01
0.107609E-01
0.115375E-01
0.123512E-01
0.132031E-01
0.140943E-01
0.150257E-01
0.159984E-01
0.170133E-01
0.180715E-01
0.191739E-01
0.203216E-01
0.215155E-01
0.227567E-01
0.240461E-01
0.253848E-01
0.267738E-01
0.282140E-01
0.297067E-01
0.312527E-01
0.328532E-01
0.345093E-01
0.362222E-01
0.379930E-01
0.398230E-01
0.417134E-01
0.436655E-01
0.456809E-01
0.477609E-01
0.499071E-01
0.521213E-01
0.544051E-01
0.567606E-01
0.591897E-01
0.616947E-01
0.642781E-01
0.669424E-01
0.696905E-01
0.725256E-01
0.754511E-01
0.784709E-01
0.815892E-01
0.848109E-01
0.881412E-01
0.915861E-01
0.951524E-01
0.988479E-01
0.102681E+00
0.106663E+00
0.110804E+00
0.115120E+00
0.119626E+00
0.124341E+00
0.129291E+00
0.134502E+00
0.140012E+00
0.145865E+00
0.152119E+00
0.158850E+00
0.166159E+00
0.174182E+00
0.183112E+00
0.193225E+00
0.204928E+00
0.218842E+00
0.235933E+00
0.257745E+00
0.286804E+00
0.327285E+00
0.386103E+00
0.474509E+00
0.610000E+00
0.000000E+00
0.109624E-03
0.230327E-03
0.362691E-03
0.507325E-03
0.664859E-03
0.835947E-03
0.102127E-02
0.122152E-02
0.143742E-02
0.166972E-02
0.191918E-02
0.218659E-02
0.247276E-02
0.277852E-02
0.310470E-02
0.345216E-02
0.382180E-02
0.421449E-02
0.463114E-02
0.507268E-02
0.554003E-02
0.603412E-02
0.655591E-02
0.710635E-02
0.768639E-02
0.829700E-02
0.893915E-02
0.961379E-02
0.103219E-01
0.110645E-01
0.118424E-01
0.126567E-01
0.135084E-01
0.143983E-01
0.153274E-01
0.162968E-01
0.173073E-01
0.183599E-01
0.194555E-01
0.205951E-01
0.217796E-01
0.230100E-01
0.242872E-01
0.256122E-01
0.269860E-01
0.284094E-01
0.298836E-01
0.314095E-01
0.329882E-01
0.346207E-01
0.363080E-01
0.380514E-01
0.398519E-01
0.417109E-01
0.436295E-01
0.456091E-01
0.476511E-01
0.497569E-01
0.519283E-01
0.541667E-01
0.564742E-01
0.588525E-01
0.613038E-01
0.638305E-01
0.664349E-01
0.691198E-01
0.718882E-01
0.747433E-01
0.776889E-01
0.807290E-01
0.838682E-01
0.871115E-01
0.904647E-01
0.939344E-01
0.975282E-01
0.101255E+00
0.105124E+00
0.109148E+00
0.113341E+00
0.117719E+00
0.122303E+00
0.127118E+00
0.132194E+00
0.137571E+00
0.143300E+00
0.149447E+00
0.156101E+00
0.163387E+00
0.171478E+00
0.180630E+00
0.191225E+00
0.203858E+00
0.219481E+00
0.239667E+00
0.267088E+00
0.306384E+00
0.365674E+00
0.459049E+00
0.610000E+00
0.000000E+00
0.106153E-03
0.223031E-03
0.351194E-03
0.491224E-03
0.643724E-03
0.809320E-03
0.988658E-03
0.118241E-02
0.139126E-02
0.161591E-02
0.185711E-02
0.211559E-02
0.239213E-02
0.268751E-02
0.300254E-02
0.333803E-02
0.369481E-02
0.407375E-02
0.447569E-02
0.490151E-02
0.535209E-02
0.582833E-02
0.633113E-02
0.686138E-02
0.742001E-02
0.800793E-02
0.862606E-02
0.927532E-02
0.995663E-02
0.106709E-01
0.114191E-01
0.122021E-01
0.130208E-01
0.138762E-01
0.147691E-01
0.157005E-01
0.166713E-01
0.176823E-01
0.187345E-01
0.198288E-01
0.209660E-01
0.221472E-01
0.233731E-01
0.246447E-01
0.259628E-01
0.273285E-01
0.287426E-01
0.302061E-01
0.317200E-01
0.332851E-01
0.349026E-01
0.365734E-01
0.382987E-01
0.400794E-01
0.419168E-01
0.438121E-01
0.457664E-01
0.477813E-01
0.498579E-01
0.519979E-01
0.542027E-01
0.564742E-01
0.588142E-01
0.612245E-01
0.637074E-01
0.662652E-01
0.689004E-01
0.716159E-01
0.744147E-01
0.773004E-01
0.802767E-01
0.833479E-01
0.865190E-01
0.897955E-01
0.931836E-01
0.966907E-01
0.100325E+00
0.104097E+00
0.108018E+00
0.112102E+00
0.116367E+00
0.120833E+00
0.125526E+00
0.130480E+00
0.135739E+00
0.141358E+00
0.147417E+00
0.154022E+00
0.161328E+00
0.169564E+00
0.179078E+00
0.190423E+00
0.204507E+00
0.222881E+00
0.248289E+00
0.285740E+00
0.344568E+00
0.442175E+00
0.610000E+00
0.000000E+00
0.103375E-03
0.217192E-03
0.341993E-03
0.478339E-03
0.626813E-03
0.788016E-03
0.962572E-03
0.115112E-02
0.135433E-02
0.157288E-02
0.180746E-02
0.205881E-02
0.232765E-02
0.261474E-02
0.292085E-02
0.324677E-02
0.359329E-02
0.396123E-02
0.435141E-02
0.476467E-02
0.520186E-02
0.566383E-02
0.615144E-02
0.666557E-02
0.720708E-02
0.777686E-02
0.837580E-02
0.900476E-02
0.966464E-02
0.103563E-01
0.110807E-01
0.118386E-01
0.126310E-01
0.134587E-01
0.143227E-01
0.152237E-01
0.161626E-01
0.171404E-01
0.181578E-01
0.192158E-01
0.203152E-01
0.214568E-01
0.226416E-01
0.238704E-01
0.251439E-01
0.264633E-01
0.278292E-01
0.292425E-01
0.307043E-01
0.322154E-01
0.337766E-01
0.353891E-01
0.370537E-01
0.387715E-01
0.405435E-01
0.423708E-01
0.442546E-01
0.461959E-01
0.481962E-01
0.502566E-01
0.523786E-01
0.545637E-01
0.568135E-01
0.591296E-01
0.615141E-01
0.639687E-01
0.664959E-01
0.690979E-01
0.717773E-01
0.745372E-01
0.773808E-01
0.803116E-01
0.833338E-01
0.864520E-01
0.896714E-01
0.929982E-01
0.964393E-01
0.100003E+00
0.103699E+00
0.107539E+00
0.111538E+00
0.115712E+00
0.120084E+00
0.124681E+00
0.129539E+00
0.134708E+00
0.140251E+00
0.146263E+00
0.152875E+00
0.160287E+00
0.168808E+00
0.178936E+00
0.191509E+00
0.208000E+00
0.231128E+00
0.266117E+00
0.323383E+00
0.424034E+00
0.610000E+00
0.000000E+00
0.101288E-03
0.212808E-03
0.335085E-03
0.468667E-03
0.614120E-03
0.772028E-03
0.942995E-03
0.112765E-02
0.132662E-02
0.154059E-02
0.177022E-02
0.201621E-02
0.227928E-02
0.256015E-02
0.285958E-02
0.317832E-02
0.351714E-02
0.387683E-02
0.425820E-02
0.466204E-02
0.508918E-02
0.554045E-02
0.601668E-02
0.651871E-02
0.704739E-02
0.760356E-02
0.818809E-02
0.880183E-02
0.944563E-02
0.101204E-01
0.108269E-01
0.115660E-01
0.123386E-01
0.131456E-01
0.139877E-01
0.148659E-01
0.157810E-01
0.167338E-01
0.177251E-01
0.187558E-01
0.198267E-01
0.209386E-01
0.220924E-01
0.232890E-01
0.245290E-01
0.258134E-01
0.271430E-01
0.285187E-01
0.299412E-01
0.314115E-01
0.329304E-01
0.344989E-01
0.361178E-01
0.377881E-01
0.395107E-01
0.412867E-01
0.431171E-01
0.450029E-01
0.469454E-01
0.489456E-01
0.510049E-01
0.531246E-01
0.553061E-01
0.575509E-01
0.598606E-01
0.622371E-01
0.646821E-01
0.671978E-01
0.697865E-01
0.724507E-01
0.751931E-01
0.780168E-01
0.809252E-01
0.839224E-01
0.870127E-01
0.902012E-01
0.934938E-01
0.968974E-01
0.100420E+00
0.104072E+00
0.107864E+00
0.111811E+00
0.115932E+00
0.120249E+00
0.124792E+00
0.129603E+00
0.134736E+00
0.140269E+00
0.146315E+00
0.153047E+00
0.160731E+00
0.169805E+00
0.181022E+00
0.195734E+00
0.216526E+00
0.248621E+00
0.303187E+00
0.405114E+00
0.610000E+00
0.000000E+00
0.998941E-04
0.209879E-03
0.330472E-03
0.462209E-03
0.605646E-03
0.761355E-03
0.929929E-03
0.111198E-02
0.130813E-02
0.151904E-02
0.174536E-02
0.198778E-02
0.224700E-02
0.252373E-02
0.281869E-02
0.313264E-02
0.346633E-02
0.382052E-02
0.419600E-02
0.459356E-02
0.501400E-02
0.545813E-02
0.592676E-02
0.642072E-02
0.694083E-02
0.748793E-02
0.806284E-02
0.866642E-02
0.929949E-02
0.996289E-02
0.106575E-01
0.113840E-01
0.121435E-01
0.129366E-01
0.137642E-01
0.146271E-01
0.155262E-01
0.164623E-01
0.174361E-01
0.184486E-01
0.195004E-01
0.205925E-01
0.217257E-01
0.229006E-01
0.241182E-01
0.253792E-01
0.266845E-01
0.280349E-01
0.294312E-01
0.308741E-01
0.323647E-01
0.339037E-01
0.354919E-01
0.371303E-01
0.388199E-01
0.405614E-01
0.423560E-01
0.442046E-01
0.461082E-01
0.480681E-01
0.500852E-01
0.521609E-01
0.542965E-01
0.564932E-01
0.587527E-01
0.610765E-01
0.634662E-01
0.659238E-01
0.684512E-01
0.710507E-01
0.737248E-01
0.764761E-01
0.793076E-01
0.822229E-01
0.852256E-01
0.883203E-01
0.915121E-01
0.948067E-01
0.982113E-01
0.101734E+00
0.105385E+00
0.109177E+00
0.113125E+00
0.117249E+00
0.121574E+00
0.126136E+00
0.130982E+00
0.136178E+00
0.141822E+00
0.148063E+00
0.155135E+00
0.163421E+00
0.173589E+00
0.186857E+00
0.205604E+00
0.234823E+00
0.285875E+00
0.386766E+00
0.610000E+00
0.000000E+00
0.991943E-04
0.208410E-03
0.328159E-03
0.458973E-03
0.601400E-03
0.756008E-03
0.923384E-03
0.110413E-02
0.129887E-02
0.150825E-02
0.173292E-02
0.197355E-02
0.223084E-02
0.250549E-02
0.279822E-02
0.310977E-02
0.344088E-02
0.379232E-02
0.416486E-02
0.455927E-02
0.497635E-02
0.541690E-02
0.588173E-02
0.637164E-02
0.688746E-02
0.743001E-02
0.800010E-02
0.859858E-02
0.922627E-02
0.988400E-02
0.105726E-01
0.112929E-01
0.120457E-01
0.128318E-01
0.136521E-01
0.145074E-01
0.153985E-01
0.163262E-01
0.172913E-01
0.182946E-01
0.193369E-01
0.204190E-01
0.215417E-01
0.227059E-01
0.239122E-01
0.251615E-01
0.264546E-01
0.277922E-01
0.291753E-01
0.306046E-01
0.320808E-01
0.336050E-01
0.351778E-01
0.368002E-01
0.384731E-01
0.401973E-01
0.419739E-01
0.438037E-01
0.456878E-01
0.476273E-01
0.496232E-01
0.516768E-01
0.537892E-01
0.559617E-01
0.581959E-01
0.604930E-01
0.628549E-01
0.652831E-01
0.677796E-01
0.703465E-01
0.729861E-01
0.757008E-01
0.784934E-01
0.813672E-01
0.843257E-01
0.873729E-01
0.905134E-01
0.937528E-01
0.970974E-01
0.100555E+00
0.104134E+00
0.107847E+00
0.111706E+00
0.115731E+00
0.119945E+00
0.124379E+00
0.129076E+00
0.134097E+00
0.139531E+00
0.145513E+00
0.152257E+00
0.160115E+00
0.169697E+00
0.182124E+00
0.199596E+00
0.226793E+00
0.274719E+00
0.372638E+00
0.610000E+00
