0.194190E-01
0.193562E-01
0.192966E-01
0.192395E-01
0.191847E-01
0.191322E-01
0.190821E-01
0.190342E-01
0.189886E-01
0.189454E-01
0.189045E-01
0.188660E-01
0.188299E-01
0.187963E-01
0.187652E-01
0.187367E-01
0.187108E-01
0.186876E-01
0.186671E-01
0.186493E-01
0.186344E-01
0.186224E-01
0.186133E-01
0.186071E-01
0.186039E-01
0.186037E-01
0.186066E-01
0.186125E-01
0.186215E-01
0.186335E-01
0.186487E-01
0.186669E-01
0.186881E-01
0.187125E-01
0.187398E-01
0.187701E-01
0.188034E-01
0.188396E-01
0.188787E-01
0.189206E-01
0.189653E-01
0.190127E-01
0.190627E-01
0.191153E-01
0.191705E-01
0.192281E-01
0.192882E-01
0.193505E-01
0.194152E-01
0.194820E-01
0.195509E-01
0.196219E-01
0.196949E-01
0.197698E-01
0.198466E-01
0.199251E-01
0.200054E-01
0.200874E-01
0.201709E-01
0.202559E-01
0.203424E-01
0.204304E-01
0.205196E-01
0.206102E-01
0.207019E-01
0.207949E-01
0.208889E-01
0.209840E-01
0.210801E-01
0.211772E-01
0.212751E-01
0.213738E-01
0.214733E-01
0.215735E-01
0.216744E-01
0.217758E-01
0.218778E-01
0.219803E-01
0.220832E-01
0.221865E-01
0.222902E-01
0.223941E-01
0.224982E-01
0.226025E-01
0.227069E-01
0.228114E-01
0.229159E-01
0.230205E-01
0.231251E-01
0.232296E-01
0.233342E-01
0.234387E-01
0.235434E-01
0.236483E-01
0.237535E-01
0.238592E-01
0.239659E-01
0.240740E-01
0.241847E-01
0.243000E-01
0.194125E-01
0.193493E-01
0.192893E-01
0.192315E-01
0.191760E-01
0.191227E-01
0.190716E-01
0.190227E-01
0.189760E-01
0.189316E-01
0.188893E-01
0.188493E-01
0.188117E-01
0.187763E-01
0.187433E-01
0.187128E-01
0.186847E-01
0.186591E-01
0.186360E-01
0.186155E-01
0.185977E-01
0.185825E-01
0.185701E-01
0.185604E-01
0.185535E-01
0.185493E-01
0.185480E-01
0.185496E-01
0.185540E-01
0.185613E-01
0.185714E-01
0.185844E-01
0.186003E-01
0.186190E-01
0.186405E-01
0.186649E-01
0.186920E-01
0.187219E-01
0.187545E-01
0.187898E-01
0.188277E-01
0.188681E-01
0.189111E-01
0.189566E-01
0.190046E-01
0.190549E-01
0.191075E-01
0.191624E-01
0.192194E-01
0.192787E-01
0.193400E-01
0.194033E-01
0.194686E-01
0.195358E-01
0.196049E-01
0.196757E-01
0.197483E-01
0.198226E-01
0.198985E-01
0.199760E-01
0.200550E-01
0.201354E-01
0.202173E-01
0.203005E-01
0.203850E-01
0.204708E-01
0.205578E-01
0.206459E-01
0.207352E-01
0.208255E-01
0.209167E-01
0.210090E-01
0.211021E-01
0.211961E-01
0.212909E-01
0.213865E-01
0.214827E-01
0.215796E-01
0.216771E-01
0.217751E-01
0.218737E-01
0.219727E-01
0.220721E-01
0.221718E-01
0.222719E-01
0.223723E-01
0.224728E-01
0.225736E-01
0.226746E-01
0.227758E-01
0.228772E-01
0.229787E-01
0.230806E-01
0.231827E-01
0.232853E-01
0.233886E-01
0.234928E-01
0.235982E-01
0.237052E-01
0.238140E-01
0.194034E-01
0.193400E-01
0.192796E-01
0.192213E-01
0.191651E-01
0.191110E-01
0.190590E-01
0.190091E-01
0.189613E-01
0.189156E-01
0.188720E-01
0.188305E-01
0.187912E-01
0.187540E-01
0.187191E-01
0.186865E-01
0.186561E-01
0.186281E-01
0.186025E-01
0.185793E-01
0.185585E-01
0.185402E-01
0.185244E-01
0.185112E-01
0.185005E-01
0.184925E-01
0.184870E-01
0.184842E-01
0.184841E-01
0.184866E-01
0.184918E-01
0.184996E-01
0.185102E-01
0.185233E-01
0.185392E-01
0.185576E-01
0.185787E-01
0.186023E-01
0.186285E-01
0.186572E-01
0.186884E-01
0.187221E-01
0.187581E-01
0.187966E-01
0.188373E-01
0.188804E-01
0.189257E-01
0.189732E-01
0.190228E-01
0.190745E-01
0.191283E-01
0.191840E-01
0.192417E-01
0.193013E-01
0.193627E-01
0.194260E-01
0.194910E-01
0.195577E-01
0.196260E-01
0.196960E-01
0.197675E-01
0.198405E-01
0.199150E-01
0.199909E-01
0.200683E-01
0.201469E-01
0.202269E-01
0.203081E-01
0.203905E-01
0.204740E-01
0.205587E-01
0.206445E-01
0.207313E-01
0.208191E-01
0.209079E-01
0.209975E-01
0.210880E-01
0.211793E-01
0.212714E-01
0.213642E-01
0.214576E-01
0.215517E-01
0.216464E-01
0.217416E-01
0.218374E-01
0.219336E-01
0.220302E-01
0.221272E-01
0.222245E-01
0.223223E-01
0.224203E-01
0.225188E-01
0.226176E-01
0.227169E-01
0.228168E-01
0.229173E-01
0.230185E-01
0.231208E-01
0.232240E-01
0.233280E-01
0.193921E-01
0.193285E-01
0.192677E-01
0.192089E-01
0.191521E-01
0.190972E-01
0.190444E-01
0.189935E-01
0.189445E-01
0.188975E-01
0.188525E-01
0.188095E-01
0.187686E-01
0.187296E-01
0.186928E-01
0.186581E-01
0.186255E-01
0.185950E-01
0.185668E-01
0.185408E-01
0.185171E-01
0.184957E-01
0.184766E-01
0.184598E-01
0.184455E-01
0.184335E-01
0.184240E-01
0.184169E-01
0.184122E-01
0.184100E-01
0.184103E-01
0.184131E-01
0.184183E-01
0.184260E-01
0.184362E-01
0.184488E-01
0.184639E-01
0.184814E-01
0.185013E-01
0.185235E-01
0.185481E-01
0.185751E-01
0.186043E-01
0.186358E-01
0.186695E-01
0.187054E-01
0.187435E-01
0.187837E-01
0.188259E-01
0.188702E-01
0.189165E-01
0.189648E-01
0.190150E-01
0.190670E-01
0.191209E-01
0.191766E-01
0.192340E-01
0.192932E-01
0.193541E-01
0.194165E-01
0.194806E-01
0.195463E-01
0.196135E-01
0.196822E-01
0.197523E-01
0.198239E-01
0.198968E-01
0.199711E-01
0.200467E-01
0.201235E-01
0.202017E-01
0.202810E-01
0.203614E-01
0.204430E-01
0.205257E-01
0.206094E-01
0.206942E-01
0.207799E-01
0.208665E-01
0.209540E-01
0.210424E-01
0.211316E-01
0.212215E-01
0.213122E-01
0.214035E-01
0.214955E-01
0.215880E-01
0.216812E-01
0.217749E-01
0.218691E-01
0.219638E-01
0.220590E-01
0.221548E-01
0.222511E-01
0.223479E-01
0.224454E-01
0.225436E-01
0.226425E-01
0.227420E-01
0.228420E-01
0.193787E-01
0.193150E-01
0.192538E-01
0.191945E-01
0.191371E-01
0.190815E-01
0.190278E-01
0.189759E-01
0.189258E-01
0.188776E-01
0.188312E-01
0.187867E-01
0.187440E-01
0.187033E-01
0.186645E-01
0.186277E-01
0.185929E-01
0.185600E-01
0.185292E-01
0.185005E-01
0.184738E-01
0.184493E-01
0.184269E-01
0.184066E-01
0.183886E-01
0.183728E-01
0.183592E-01
0.183478E-01
0.183387E-01
0.183319E-01
0.183274E-01
0.183252E-01
0.183252E-01
0.183275E-01
0.183322E-01
0.183391E-01
0.183482E-01
0.183597E-01
0.183734E-01
0.183893E-01
0.184074E-01
0.184278E-01
0.184503E-01
0.184749E-01
0.185017E-01
0.185306E-01
0.185616E-01
0.185946E-01
0.186296E-01
0.186665E-01
0.187055E-01
0.187463E-01
0.187891E-01
0.188336E-01
0.188801E-01
0.189283E-01
0.189782E-01
0.190300E-01
0.190834E-01
0.191384E-01
0.191951E-01
0.192535E-01
0.193134E-01
0.193748E-01
0.194378E-01
0.195023E-01
0.195682E-01
0.196356E-01
0.197044E-01
0.197745E-01
0.198460E-01
0.199189E-01
0.199930E-01
0.200683E-01
0.201449E-01
0.202227E-01
0.203017E-01
0.203817E-01
0.204629E-01
0.205451E-01
0.206283E-01
0.207125E-01
0.207976E-01
0.208836E-01
0.209705E-01
0.210582E-01
0.211466E-01
0.212359E-01
0.213258E-01
0.214164E-01
0.215076E-01
0.215995E-01
0.216920E-01
0.217851E-01
0.218789E-01
0.219732E-01
0.220682E-01
0.221637E-01
0.222597E-01
0.223560E-01
0.193634E-01
0.192995E-01
0.192381E-01
0.191783E-01
0.191203E-01
0.190640E-01
0.190094E-01
0.189565E-01
0.189053E-01
0.188558E-01
0.188081E-01
0.187621E-01
0.187178E-01
0.186753E-01
0.186346E-01
0.185957E-01
0.185586E-01
0.185233E-01
0.184899E-01
0.184585E-01
0.184289E-01
0.184013E-01
0.183756E-01
0.183520E-01
0.183303E-01
0.183107E-01
0.182931E-01
0.182776E-01
0.182641E-01
0.182527E-01
0.182435E-01
0.182363E-01
0.182312E-01
0.182283E-01
0.182275E-01
0.182288E-01
0.182322E-01
0.182377E-01
0.182453E-01
0.182550E-01
0.182668E-01
0.182807E-01
0.182966E-01
0.183146E-01
0.183345E-01
0.183565E-01
0.183805E-01
0.184064E-01
0.184342E-01
0.184640E-01
0.184957E-01
0.185292E-01
0.185646E-01
0.186018E-01
0.186408E-01
0.186817E-01
0.187242E-01
0.187685E-01
0.188145E-01
0.188622E-01
0.189116E-01
0.189626E-01
0.190153E-01
0.190695E-01
0.191254E-01
0.191828E-01
0.192417E-01
0.193022E-01
0.193641E-01
0.194276E-01
0.194924E-01
0.195587E-01
0.196265E-01
0.196956E-01
0.197660E-01
0.198378E-01
0.199109E-01
0.199852E-01
0.200608E-01
0.201376E-01
0.202156E-01
0.202947E-01
0.203750E-01
0.204563E-01
0.205386E-01
0.206219E-01
0.207062E-01
0.207914E-01
0.208774E-01
0.209643E-01
0.210519E-01
0.211404E-01
0.212295E-01
0.213193E-01
0.214098E-01
0.215009E-01
0.215926E-01
0.216847E-01
0.217773E-01
0.218700E-01
0.193464E-01
0.192824E-01
0.192206E-01
0.191604E-01
0.191018E-01
0.190448E-01
0.189894E-01
0.189355E-01
0.188832E-01
0.188325E-01
0.187834E-01
0.187359E-01
0.186900E-01
0.186457E-01
0.186031E-01
0.185621E-01
0.185228E-01
0.184852E-01
0.184492E-01
0.184151E-01
0.183826E-01
0.183520E-01
0.183231E-01
0.182961E-01
0.182708E-01
0.182475E-01
0.182260E-01
0.182063E-01
0.181886E-01
0.181728E-01
0.181589E-01
0.181469E-01
0.181369E-01
0.181288E-01
0.181226E-01
0.181184E-01
0.181162E-01
0.181159E-01
0.181176E-01
0.181212E-01
0.181268E-01
0.181343E-01
0.181438E-01
0.181551E-01
0.181684E-01
0.181836E-01
0.182007E-01
0.182196E-01
0.182405E-01
0.182631E-01
0.182877E-01
0.183140E-01
0.183421E-01
0.183721E-01
0.184038E-01
0.184373E-01
0.184725E-01
0.185095E-01
0.185482E-01
0.185886E-01
0.186306E-01
0.186744E-01
0.187198E-01
0.187669E-01
0.188156E-01
0.188659E-01
0.189178E-01
0.189713E-01
0.190264E-01
0.190831E-01
0.191413E-01
0.192011E-01
0.192623E-01
0.193251E-01
0.193893E-01
0.194550E-01
0.195222E-01
0.195907E-01
0.196607E-01
0.197320E-01
0.198047E-01
0.198786E-01
0.199539E-01
0.200303E-01
0.201080E-01
0.201869E-01
0.202668E-01
0.203478E-01
0.204299E-01
0.205129E-01
0.205968E-01
0.206817E-01
0.207673E-01
0.208537E-01
0.209408E-01
0.210286E-01
0.211169E-01
0.212057E-01
0.212947E-01
0.213840E-01
0.193278E-01
0.192636E-01
0.192016E-01
0.191410E-01
0.190818E-01
0.190241E-01
0.189678E-01
0.189130E-01
0.188597E-01
0.188078E-01
0.187573E-01
0.187083E-01
0.186608E-01
0.186148E-01
0.185702E-01
0.185272E-01
0.184857E-01
0.184457E-01
0.184073E-01
0.183705E-01
0.183352E-01
0.183016E-01
0.182696E-01
0.182392E-01
0.182105E-01
0.181835E-01
0.181581E-01
0.181345E-01
0.181126E-01
0.180924E-01
0.180740E-01
0.180573E-01
0.180424E-01
0.180292E-01
0.180179E-01
0.180084E-01
0.180006E-01
0.179947E-01
0.179906E-01
0.179882E-01
0.179877E-01
0.179891E-01
0.179922E-01
0.179971E-01
0.180038E-01
0.180124E-01
0.180227E-01
0.180349E-01
0.180488E-01
0.180645E-01
0.180820E-01
0.181012E-01
0.181222E-01
0.181449E-01
0.181694E-01
0.181957E-01
0.182236E-01
0.182533E-01
0.182847E-01
0.183179E-01
0.183527E-01
0.183892E-01
0.184274E-01
0.184673E-01
0.185089E-01
0.185521E-01
0.185970E-01
0.186436E-01
0.186918E-01
0.187416E-01
0.187931E-01
0.188463E-01
0.189010E-01
0.189574E-01
0.190153E-01
0.190749E-01
0.191360E-01
0.191987E-01
0.192629E-01
0.193286E-01
0.193958E-01
0.194645E-01
0.195346E-01
0.196061E-01
0.196790E-01
0.197532E-01
0.198287E-01
0.199054E-01
0.199833E-01
0.200623E-01
0.201424E-01
0.202235E-01
0.203056E-01
0.203884E-01
0.204721E-01
0.205564E-01
0.206413E-01
0.207266E-01
0.208122E-01
0.208980E-01
0.193077E-01
0.192434E-01
0.191811E-01
0.191201E-01
0.190604E-01
0.190020E-01
0.189449E-01
0.188892E-01
0.188348E-01
0.187817E-01
0.187299E-01
0.186795E-01
0.186304E-01
0.185826E-01
0.185362E-01
0.184912E-01
0.184475E-01
0.184053E-01
0.183644E-01
0.183250E-01
0.182870E-01
0.182504E-01
0.182153E-01
0.181817E-01
0.181496E-01
0.181189E-01
0.180899E-01
0.180623E-01
0.180363E-01
0.180119E-01
0.179890E-01
0.179678E-01
0.179481E-01
0.179301E-01
0.179137E-01
0.178989E-01
0.178858E-01
0.178744E-01
0.178646E-01
0.178565E-01
0.178500E-01
0.178453E-01
0.178422E-01
0.178409E-01
0.178412E-01
0.178433E-01
0.178470E-01
0.178524E-01
0.178596E-01
0.178684E-01
0.178790E-01
0.178912E-01
0.179052E-01
0.179209E-01
0.179382E-01
0.179573E-01
0.179781E-01
0.180006E-01
0.180247E-01
0.180506E-01
0.180782E-01
0.181076E-01
0.181386E-01
0.181713E-01
0.182057E-01
0.182419E-01
0.182797E-01
0.183193E-01
0.183606E-01
0.184036E-01
0.184483E-01
0.184948E-01
0.185429E-01
0.185928E-01
0.186444E-01
0.186977E-01
0.187526E-01
0.188093E-01
0.188676E-01
0.189276E-01
0.189893E-01
0.190525E-01
0.191174E-01
0.191838E-01
0.192517E-01
0.193211E-01
0.193920E-01
0.194643E-01
0.195379E-01
0.196128E-01
0.196889E-01
0.197661E-01
0.198444E-01
0.199236E-01
0.200036E-01
0.200844E-01
0.201657E-01
0.202476E-01
0.203297E-01
0.204120E-01
0.192863E-01
0.192219E-01
0.191593E-01
0.190979E-01
0.190377E-01
0.189787E-01
0.189208E-01
0.188642E-01
0.188087E-01
0.187544E-01
0.187014E-01
0.186495E-01
0.185988E-01
0.185494E-01
0.185012E-01
0.184542E-01
0.184084E-01
0.183639E-01
0.183207E-01
0.182787E-01
0.182380E-01
0.181986E-01
0.181605E-01
0.181237E-01
0.180882E-01
0.180541E-01
0.180214E-01
0.179900E-01
0.179601E-01
0.179315E-01
0.179044E-01
0.178787E-01
0.178544E-01
0.178316E-01
0.178103E-01
0.177904E-01
0.177721E-01
0.177553E-01
0.177400E-01
0.177262E-01
0.177140E-01
0.177034E-01
0.176943E-01
0.176868E-01
0.176809E-01
0.176766E-01
0.176738E-01
0.176727E-01
0.176732E-01
0.176753E-01
0.176791E-01
0.176845E-01
0.176915E-01
0.177002E-01
0.177105E-01
0.177225E-01
0.177362E-01
0.177516E-01
0.177686E-01
0.177873E-01
0.178077E-01
0.178299E-01
0.178537E-01
0.178793E-01
0.179066E-01
0.179357E-01
0.179665E-01
0.179990E-01
0.180333E-01
0.180694E-01
0.181073E-01
0.181470E-01
0.181885E-01
0.182318E-01
0.182769E-01
0.183238E-01
0.183725E-01
0.184230E-01
0.184753E-01
0.185294E-01
0.185853E-01
0.186430E-01
0.187024E-01
0.187636E-01
0.188264E-01
0.188909E-01
0.189570E-01
0.190246E-01
0.190938E-01
0.191644E-01
0.192363E-01
0.193095E-01
0.193838E-01
0.194592E-01
0.195355E-01
0.196126E-01
0.196904E-01
0.197687E-01
0.198472E-01
0.199260E-01
0.192637E-01
0.191992E-01
0.191363E-01
0.190746E-01
0.190138E-01
0.189542E-01
0.188956E-01
0.188380E-01
0.187816E-01
0.187262E-01
0.186718E-01
0.186186E-01
0.185664E-01
0.185153E-01
0.184653E-01
0.184164E-01
0.183686E-01
0.183219E-01
0.182763E-01
0.182318E-01
0.181885E-01
0.181463E-01
0.181053E-01
0.180654E-01
0.180267E-01
0.179892E-01
0.179530E-01
0.179179E-01
0.178841E-01
0.178515E-01
0.178202E-01
0.177902E-01
0.177614E-01
0.177340E-01
0.177079E-01
0.176832E-01
0.176598E-01
0.176377E-01
0.176171E-01
0.175979E-01
0.175800E-01
0.175636E-01
0.175487E-01
0.175352E-01
0.175232E-01
0.175126E-01
0.175036E-01
0.174961E-01
0.174901E-01
0.174856E-01
0.174827E-01
0.174813E-01
0.174816E-01
0.174834E-01
0.174868E-01
0.174918E-01
0.174984E-01
0.175067E-01
0.175167E-01
0.175283E-01
0.175416E-01
0.175566E-01
0.175733E-01
0.175917E-01
0.176119E-01
0.176338E-01
0.176575E-01
0.176830E-01
0.177104E-01
0.177395E-01
0.177705E-01
0.178033E-01
0.178380E-01
0.178746E-01
0.179131E-01
0.179535E-01
0.179958E-01
0.180401E-01
0.180862E-01
0.181343E-01
0.181843E-01
0.182362E-01
0.182901E-01
0.183457E-01
0.184033E-01
0.184626E-01
0.185238E-01
0.185866E-01
0.186511E-01
0.187172E-01
0.187848E-01
0.188538E-01
0.189240E-01
0.189955E-01
0.190679E-01
0.191413E-01
0.192153E-01
0.192899E-01
0.193649E-01
0.194400E-01
0.192401E-01
0.191754E-01
0.191124E-01
0.190502E-01
0.189890E-01
0.189287E-01
0.188694E-01
0.188110E-01
0.187535E-01
0.186970E-01
0.186415E-01
0.185868E-01
0.185332E-01
0.184805E-01
0.184287E-01
0.183780E-01
0.183281E-01
0.182793E-01
0.182314E-01
0.181845E-01
0.181387E-01
0.180938E-01
0.180499E-01
0.180071E-01
0.179652E-01
0.179245E-01
0.178848E-01
0.178461E-01
0.178086E-01
0.177721E-01
0.177368E-01
0.177026E-01
0.176695E-01
0.176376E-01
0.176069E-01
0.175773E-01
0.175490E-01
0.175219E-01
0.174961E-01
0.174715E-01
0.174483E-01
0.174263E-01
0.174056E-01
0.173863E-01
0.173683E-01
0.173518E-01
0.173366E-01
0.173228E-01
0.173104E-01
0.172995E-01
0.172900E-01
0.172821E-01
0.172756E-01
0.172707E-01
0.172672E-01
0.172654E-01
0.172651E-01
0.172664E-01
0.172693E-01
0.172739E-01
0.172801E-01
0.172880E-01
0.172976E-01
0.173089E-01
0.173219E-01
0.173367E-01
0.173533E-01
0.173718E-01
0.173920E-01
0.174141E-01
0.174382E-01
0.174641E-01
0.174919E-01
0.175217E-01
0.175535E-01
0.175873E-01
0.176231E-01
0.176609E-01
0.177007E-01
0.177426E-01
0.177865E-01
0.178325E-01
0.178805E-01
0.179306E-01
0.179826E-01
0.180366E-01
0.180926E-01
0.181504E-01
0.182101E-01
0.182715E-01
0.183345E-01
0.183991E-01
0.184651E-01
0.185325E-01
0.186009E-01
0.186703E-01
0.187406E-01
0.188114E-01
0.188826E-01
0.189540E-01
0.192156E-01
0.191508E-01
0.190875E-01
0.190250E-01
0.189633E-01
0.189024E-01
0.188423E-01
0.187831E-01
0.187247E-01
0.186671E-01
0.186104E-01
0.185544E-01
0.184993E-01
0.184451E-01
0.183916E-01
0.183390E-01
0.182873E-01
0.182363E-01
0.181863E-01
0.181371E-01
0.180887E-01
0.180412E-01
0.179946E-01
0.179488E-01
0.179040E-01
0.178600E-01
0.178170E-01
0.177749E-01
0.177337E-01
0.176935E-01
0.176543E-01
0.176160E-01
0.175788E-01
0.175425E-01
0.175073E-01
0.174732E-01
0.174401E-01
0.174081E-01
0.173773E-01
0.173475E-01
0.173190E-01
0.172916E-01
0.172654E-01
0.172404E-01
0.172166E-01
0.171942E-01
0.171730E-01
0.171531E-01
0.171345E-01
0.171173E-01
0.171014E-01
0.170870E-01
0.170740E-01
0.170624E-01
0.170522E-01
0.170436E-01
0.170365E-01
0.170309E-01
0.170268E-01
0.170244E-01
0.170236E-01
0.170244E-01
0.170269E-01
0.170311E-01
0.170371E-01
0.170447E-01
0.170542E-01
0.170655E-01
0.170787E-01
0.170937E-01
0.171107E-01
0.171296E-01
0.171505E-01
0.171734E-01
0.171984E-01
0.172254E-01
0.172545E-01
0.172857E-01
0.173190E-01
0.173545E-01
0.173922E-01
0.174320E-01
0.174740E-01
0.175182E-01
0.175646E-01
0.176130E-01
0.176636E-01
0.177162E-01
0.177708E-01
0.178273E-01
0.178856E-01
0.179456E-01
0.180072E-01
0.180703E-01
0.181345E-01
0.181999E-01
0.182661E-01
0.183331E-01
0.184004E-01
0.184680E-01
0.191903E-01
0.191253E-01
0.190618E-01
0.189989E-01
0.189368E-01
0.188753E-01
0.188146E-01
0.187545E-01
0.186952E-01
0.186366E-01
0.185787E-01
0.185214E-01
0.184650E-01
0.184092E-01
0.183541E-01
0.182997E-01
0.182461E-01
0.181932E-01
0.181410E-01
0.180895E-01
0.180387E-01
0.179887E-01
0.179394E-01
0.178909E-01
0.178431E-01
0.177961E-01
0.177498E-01
0.177044E-01
0.176597E-01
0.176159E-01
0.175729E-01
0.175307E-01
0.174894E-01
0.174490E-01
0.174095E-01
0.173709E-01
0.173332E-01
0.172965E-01
0.172608E-01
0.172260E-01
0.171923E-01
0.171597E-01
0.171281E-01
0.170976E-01
0.170683E-01
0.170401E-01
0.170130E-01
0.169872E-01
0.169626E-01
0.169392E-01
0.169171E-01
0.168963E-01
0.168768E-01
0.168587E-01
0.168420E-01
0.168267E-01
0.168128E-01
0.168004E-01
0.167895E-01
0.167802E-01
0.167724E-01
0.167662E-01
0.167617E-01
0.167588E-01
0.167576E-01
0.167582E-01
0.167605E-01
0.167647E-01
0.167707E-01
0.167786E-01
0.167885E-01
0.168003E-01
0.168141E-01
0.168300E-01
0.168480E-01
0.168681E-01
0.168904E-01
0.169148E-01
0.169415E-01
0.169704E-01
0.170016E-01
0.170351E-01
0.170709E-01
0.171090E-01
0.171494E-01
0.171921E-01
0.172371E-01
0.172842E-01
0.173335E-01
0.173849E-01
0.174382E-01
0.174935E-01
0.175504E-01
0.176090E-01
0.176689E-01
0.177300E-01
0.177921E-01
0.178550E-01
0.179184E-01
0.179820E-01
0.191642E-01
0.190992E-01
0.190354E-01
0.189722E-01
0.189096E-01
0.188476E-01
0.187862E-01
0.187254E-01
0.186651E-01
0.186055E-01
0.185465E-01
0.184880E-01
0.184302E-01
0.183730E-01
0.183163E-01
0.182602E-01
0.182048E-01
0.181499E-01
0.180956E-01
0.180420E-01
0.179889E-01
0.179364E-01
0.178846E-01
0.178333E-01
0.177827E-01
0.177328E-01
0.176834E-01
0.176347E-01
0.175867E-01
0.175394E-01
0.174928E-01
0.174468E-01
0.174016E-01
0.173572E-01
0.173135E-01
0.172706E-01
0.172285E-01
0.171872E-01
0.171468E-01
0.171072E-01
0.170685E-01
0.170308E-01
0.169940E-01
0.169582E-01
0.169234E-01
0.168897E-01
0.168569E-01
0.168253E-01
0.167948E-01
0.167654E-01
0.167372E-01
0.167102E-01
0.166845E-01
0.166600E-01
0.166368E-01
0.166149E-01
0.165944E-01
0.165753E-01
0.165576E-01
0.165414E-01
0.165267E-01
0.165136E-01
0.165020E-01
0.164921E-01
0.164838E-01
0.164773E-01
0.164725E-01
0.164695E-01
0.164683E-01
0.164691E-01
0.164717E-01
0.164764E-01
0.164831E-01
0.164918E-01
0.165027E-01
0.165158E-01
0.165311E-01
0.165486E-01
0.165684E-01
0.165906E-01
0.166151E-01
0.166421E-01
0.166714E-01
0.167032E-01
0.167374E-01
0.167741E-01
0.168132E-01
0.168546E-01
0.168983E-01
0.169444E-01
0.169925E-01
0.170427E-01
0.170948E-01
0.171487E-01
0.172041E-01
0.172608E-01
0.173186E-01
0.173773E-01
0.174365E-01
0.174960E-01
0.191376E-01
0.190725E-01
0.190085E-01
0.189450E-01
0.188820E-01
0.188194E-01
0.187574E-01
0.186958E-01
0.186347E-01
0.185741E-01
0.185140E-01
0.184543E-01
0.183952E-01
0.183365E-01
0.182783E-01
0.182206E-01
0.181634E-01
0.181067E-01
0.180504E-01
0.179946E-01
0.179393E-01
0.178845E-01
0.178302E-01
0.177764E-01
0.177230E-01
0.176702E-01
0.176179E-01
0.175661E-01
0.175149E-01
0.174642E-01
0.174140E-01
0.173645E-01
0.173155E-01
0.172672E-01
0.172195E-01
0.171724E-01
0.171260E-01
0.170804E-01
0.170354E-01
0.169912E-01
0.169477E-01
0.169051E-01
0.168633E-01
0.168223E-01
0.167822E-01
0.167431E-01
0.167049E-01
0.166676E-01
0.166313E-01
0.165961E-01
0.165620E-01
0.165289E-01
0.164970E-01
0.164663E-01
0.164367E-01
0.164084E-01
0.163814E-01
0.163557E-01
0.163313E-01
0.163084E-01
0.162869E-01
0.162668E-01
0.162483E-01
0.162314E-01
0.162161E-01
0.162024E-01
0.161904E-01
0.161803E-01
0.161719E-01
0.161654E-01
0.161608E-01
0.161582E-01
0.161577E-01
0.161592E-01
0.161629E-01
0.161688E-01
0.161769E-01
0.161873E-01
0.162001E-01
0.162153E-01
0.162330E-01
0.162532E-01
0.162758E-01
0.163011E-01
0.163289E-01
0.163592E-01
0.163922E-01
0.164276E-01
0.164656E-01
0.165059E-01
0.165486E-01
0.165936E-01
0.166406E-01
0.166895E-01
0.167401E-01
0.167922E-01
0.168456E-01
0.168998E-01
0.169548E-01
0.170100E-01
0.191106E-01
0.190453E-01
0.189812E-01
0.189173E-01
0.188539E-01
0.187908E-01
0.187281E-01
0.186658E-01
0.186039E-01
0.185424E-01
0.184812E-01
0.184204E-01
0.183600E-01
0.183000E-01
0.182403E-01
0.181811E-01
0.181221E-01
0.180636E-01
0.180054E-01
0.179476E-01
0.178902E-01
0.178331E-01
0.177764E-01
0.177200E-01
0.176641E-01
0.176085E-01
0.175534E-01
0.174986E-01
0.174442E-01
0.173903E-01
0.173368E-01
0.172838E-01
0.172312E-01
0.171792E-01
0.171276E-01
0.170766E-01
0.170261E-01
0.169761E-01
0.169268E-01
0.168781E-01
0.168301E-01
0.167827E-01
0.167360E-01
0.166900E-01
0.166449E-01
0.166005E-01
0.165569E-01
0.165142E-01
0.164724E-01
0.164315E-01
0.163915E-01
0.163526E-01
0.163146E-01
0.162778E-01
0.162420E-01
0.162074E-01
0.161740E-01
0.161418E-01
0.161109E-01
0.160812E-01
0.160530E-01
0.160261E-01
0.160007E-01
0.159768E-01
0.159544E-01
0.159337E-01
0.159146E-01
0.158972E-01
0.158817E-01
0.158679E-01
0.158560E-01
0.158461E-01
0.158382E-01
0.158324E-01
0.158288E-01
0.158273E-01
0.158282E-01
0.158313E-01
0.158369E-01
0.158450E-01
0.158555E-01
0.158687E-01
0.158844E-01
0.159029E-01
0.159240E-01
0.159478E-01
0.159743E-01
0.160035E-01
0.160353E-01
0.160698E-01
0.161068E-01
0.161462E-01
0.161878E-01
0.162316E-01
0.162772E-01
0.163245E-01
0.163731E-01
0.164228E-01
0.164732E-01
0.165240E-01
0.190832E-01
0.190178E-01
0.189534E-01
0.188893E-01
0.188255E-01
0.187619E-01
0.186986E-01
0.186356E-01
0.185729E-01
0.185104E-01
0.184483E-01
0.183864E-01
0.183248E-01
0.182635E-01
0.182024E-01
0.181416E-01
0.180811E-01
0.180208E-01
0.179608E-01
0.179010E-01
0.178415E-01
0.177822E-01
0.177233E-01
0.176645E-01
0.176061E-01
0.175479E-01
0.174900E-01
0.174323E-01
0.173750E-01
0.173180E-01
0.172613E-01
0.172049E-01
0.171489E-01
0.170932E-01
0.170379E-01
0.169831E-01
0.169286E-01
0.168746E-01
0.168211E-01
0.167681E-01
0.167156E-01
0.166636E-01
0.166123E-01
0.165615E-01
0.165114E-01
0.164619E-01
0.164132E-01
0.163652E-01
0.163180E-01
0.162715E-01
0.162259E-01
0.161812E-01
0.161375E-01
0.160946E-01
0.160528E-01
0.160120E-01
0.159723E-01
0.159338E-01
0.158964E-01
0.158602E-01
0.158253E-01
0.157916E-01
0.157594E-01
0.157286E-01
0.156993E-01
0.156715E-01
0.156452E-01
0.156207E-01
0.155978E-01
0.155768E-01
0.155576E-01
0.155403E-01
0.155250E-01
0.155118E-01
0.155007E-01
0.154918E-01
0.154852E-01
0.154809E-01
0.154791E-01
0.154798E-01
0.154830E-01
0.154889E-01
0.154975E-01
0.155089E-01
0.155230E-01
0.155400E-01
0.155598E-01
0.155824E-01
0.156079E-01
0.156361E-01
0.156671E-01
0.157006E-01
0.157367E-01
0.157750E-01
0.158154E-01
0.158576E-01
0.159013E-01
0.159462E-01
0.159919E-01
0.160380E-01
0.190555E-01
0.189901E-01
0.189255E-01
0.188611E-01
0.187969E-01
0.187328E-01
0.186689E-01
0.186053E-01
0.185418E-01
0.184785E-01
0.184153E-01
0.183524E-01
0.182896E-01
0.182270E-01
0.181646E-01
0.181024E-01
0.180403E-01
0.179783E-01
0.179165E-01
0.178549E-01
0.177934E-01
0.177321E-01
0.176709E-01
0.176099E-01
0.175490E-01
0.174883E-01
0.174278E-01
0.173674E-01
0.173072E-01
0.172472E-01
0.171874E-01
0.171279E-01
0.170685E-01
0.170094E-01
0.169506E-01
0.168920E-01
0.168338E-01
0.167759E-01
0.167183E-01
0.166612E-01
0.166044E-01
0.165480E-01
0.164921E-01
0.164367E-01
0.163819E-01
0.163275E-01
0.162738E-01
0.162207E-01
0.161682E-01
0.161164E-01
0.160654E-01
0.160151E-01
0.159656E-01
0.159170E-01
0.158692E-01
0.158224E-01
0.157766E-01
0.157317E-01
0.156880E-01
0.156453E-01
0.156039E-01
0.155636E-01
0.155246E-01
0.154869E-01
0.154507E-01
0.154159E-01
0.153825E-01
0.153508E-01
0.153207E-01
0.152924E-01
0.152658E-01
0.152410E-01
0.152183E-01
0.151975E-01
0.151789E-01
0.151624E-01
0.151482E-01
0.151363E-01
0.151269E-01
0.151201E-01
0.151158E-01
0.151142E-01
0.151154E-01
0.151194E-01
0.151263E-01
0.151361E-01
0.151489E-01
0.151647E-01
0.151834E-01
0.152052E-01
0.152298E-01
0.152572E-01
0.152873E-01
0.153199E-01
0.153547E-01
0.153916E-01
0.154301E-01
0.154700E-01
0.155107E-01
0.155520E-01
0.190277E-01
0.189621E-01
0.188974E-01
0.188327E-01
0.187681E-01
0.187036E-01
0.186392E-01
0.185749E-01
0.185106E-01
0.184465E-01
0.183825E-01
0.183185E-01
0.182546E-01
0.181908E-01
0.181271E-01
0.180634E-01
0.179998E-01
0.179363E-01
0.178728E-01
0.178094E-01
0.177460E-01
0.176827E-01
0.176195E-01
0.175562E-01
0.174931E-01
0.174300E-01
0.173669E-01
0.173039E-01
0.172410E-01
0.171782E-01
0.171154E-01
0.170528E-01
0.169903E-01
0.169279E-01
0.168656E-01
0.168036E-01
0.167417E-01
0.166800E-01
0.166186E-01
0.165574E-01
0.164965E-01
0.164360E-01
0.163757E-01
0.163159E-01
0.162564E-01
0.161974E-01
0.161388E-01
0.160807E-01
0.160232E-01
0.159662E-01
0.159099E-01
0.158542E-01
0.157992E-01
0.157449E-01
0.156913E-01
0.156386E-01
0.155868E-01
0.155358E-01
0.154858E-01
0.154369E-01
0.153889E-01
0.153421E-01
0.152964E-01
0.152520E-01
0.152089E-01
0.151671E-01
0.151267E-01
0.150878E-01
0.150505E-01
0.150148E-01
0.149808E-01
0.149486E-01
0.149183E-01
0.148899E-01
0.148636E-01
0.148395E-01
0.148176E-01
0.147980E-01
0.147808E-01
0.147662E-01
0.147541E-01
0.147448E-01
0.147383E-01
0.147347E-01
0.147341E-01
0.147365E-01
0.147419E-01
0.147505E-01
0.147623E-01
0.147771E-01
0.147951E-01
0.148160E-01
0.148398E-01
0.148664E-01
0.148954E-01
0.149266E-01
0.149597E-01
0.149943E-01
0.150299E-01
0.150660E-01
0.189998E-01
0.189341E-01
0.188692E-01
0.188043E-01
0.187393E-01
0.186744E-01
0.186095E-01
0.185445E-01
0.184796E-01
0.184147E-01
0.183497E-01
0.182848E-01
0.182199E-01
0.181549E-01
0.180899E-01
0.180249E-01
0.179599E-01
0.178949E-01
0.178298E-01
0.177646E-01
0.176995E-01
0.176342E-01
0.175690E-01
0.175036E-01
0.174383E-01
0.173729E-01
0.173074E-01
0.172419E-01
0.171764E-01
0.171108E-01
0.170453E-01
0.169797E-01
0.169141E-01
0.168486E-01
0.167831E-01
0.167177E-01
0.166523E-01
0.165871E-01
0.165219E-01
0.164569E-01
0.163921E-01
0.163275E-01
0.162631E-01
0.161989E-01
0.161350E-01
0.160715E-01
0.160082E-01
0.159454E-01
0.158830E-01
0.158210E-01
0.157595E-01
0.156985E-01
0.156381E-01
0.155784E-01
0.155192E-01
0.154608E-01
0.154030E-01
0.153461E-01
0.152900E-01
0.152348E-01
0.151806E-01
0.151273E-01
0.150751E-01
0.150239E-01
0.149740E-01
0.149253E-01
0.148779E-01
0.148319E-01
0.147874E-01
0.147444E-01
0.147030E-01
0.146633E-01
0.146254E-01
0.145893E-01
0.145553E-01
0.145233E-01
0.144935E-01
0.144661E-01
0.144410E-01
0.144184E-01
0.143984E-01
0.143811E-01
0.143667E-01
0.143552E-01
0.143467E-01
0.143414E-01
0.143392E-01
0.143403E-01
0.143446E-01
0.143523E-01
0.143632E-01
0.143773E-01
0.143945E-01
0.144146E-01
0.144375E-01
0.144628E-01
0.144901E-01
0.145191E-01
0.145492E-01
0.145800E-01
0.189719E-01
0.189062E-01
0.188411E-01
0.187759E-01
0.187106E-01
0.186453E-01
0.185798E-01
0.185143E-01
0.184487E-01
0.183830E-01
0.183172E-01
0.182514E-01
0.181854E-01
0.181194E-01
0.180532E-01
0.179869E-01
0.179205E-01
0.178540E-01
0.177874E-01
0.177206E-01
0.176537E-01
0.175867E-01
0.175195E-01
0.174522E-01
0.173847E-01
0.173171E-01
0.172493E-01
0.171815E-01
0.171134E-01
0.170453E-01
0.169770E-01
0.169087E-01
0.168402E-01
0.167717E-01
0.167031E-01
0.166344E-01
0.165658E-01
0.164971E-01
0.164284E-01
0.163597E-01
0.162911E-01
0.162226E-01
0.161542E-01
0.160859E-01
0.160178E-01
0.159498E-01
0.158821E-01
0.158147E-01
0.157476E-01
0.156807E-01
0.156143E-01
0.155482E-01
0.154826E-01
0.154175E-01
0.153529E-01
0.152889E-01
0.152254E-01
0.151627E-01
0.151006E-01
0.150393E-01
0.149789E-01
0.149192E-01
0.148606E-01
0.148029E-01
0.147462E-01
0.146907E-01
0.146363E-01
0.145833E-01
0.145315E-01
0.144812E-01
0.144324E-01
0.143852E-01
0.143397E-01
0.142959E-01
0.142541E-01
0.142142E-01
0.141765E-01
0.141409E-01
0.141077E-01
0.140770E-01
0.140489E-01
0.140234E-01
0.140008E-01
0.139811E-01
0.139645E-01
0.139511E-01
0.139410E-01
0.139342E-01
0.139308E-01
0.139308E-01
0.139343E-01
0.139412E-01
0.139515E-01
0.139648E-01
0.139812E-01
0.140001E-01
0.140214E-01
0.140445E-01
0.140689E-01
0.140940E-01
0.189441E-01
0.188783E-01
0.188131E-01
0.187476E-01
0.186821E-01
0.186163E-01
0.185504E-01
0.184843E-01
0.184180E-01
0.183516E-01
0.182851E-01
0.182183E-01
0.181514E-01
0.180843E-01
0.180170E-01
0.179495E-01
0.178818E-01
0.178139E-01
0.177458E-01
0.176775E-01
0.176089E-01
0.175401E-01
0.174711E-01
0.174019E-01
0.173324E-01
0.172627E-01
0.171928E-01
0.171226E-01
0.170522E-01
0.169816E-01
0.169108E-01
0.168398E-01
0.167686E-01
0.166972E-01
0.166256E-01
0.165539E-01
0.164820E-01
0.164100E-01
0.163379E-01
0.162658E-01
0.161936E-01
0.161213E-01
0.160491E-01
0.159768E-01
0.159047E-01
0.158325E-01
0.157605E-01
0.156887E-01
0.156170E-01
0.155455E-01
0.154743E-01
0.154033E-01
0.153326E-01
0.152623E-01
0.151924E-01
0.151230E-01
0.150540E-01
0.149856E-01
0.149177E-01
0.148504E-01
0.147839E-01
0.147181E-01
0.146530E-01
0.145889E-01
0.145256E-01
0.144633E-01
0.144021E-01
0.143420E-01
0.142831E-01
0.142255E-01
0.141693E-01
0.141146E-01
0.140614E-01
0.140099E-01
0.139602E-01
0.139124E-01
0.138666E-01
0.138229E-01
0.137814E-01
0.137424E-01
0.137059E-01
0.136720E-01
0.136410E-01
0.136129E-01
0.135879E-01
0.135661E-01
0.135476E-01
0.135325E-01
0.135210E-01
0.135131E-01
0.135088E-01
0.135081E-01
0.135109E-01
0.135171E-01
0.135265E-01
0.135389E-01
0.135537E-01
0.135706E-01
0.135889E-01
0.136080E-01
0.189165E-01
0.188507E-01
0.187853E-01
0.187196E-01
0.186537E-01
0.185876E-01
0.185212E-01
0.184546E-01
0.183877E-01
0.183206E-01
0.182533E-01
0.181857E-01
0.181178E-01
0.180497E-01
0.179813E-01
0.179127E-01
0.178438E-01
0.177745E-01
0.177050E-01
0.176352E-01
0.175651E-01
0.174947E-01
0.174239E-01
0.173529E-01
0.172815E-01
0.172098E-01
0.171378E-01
0.170655E-01
0.169928E-01
0.169199E-01
0.168466E-01
0.167730E-01
0.166992E-01
0.166251E-01
0.165507E-01
0.164760E-01
0.164011E-01
0.163260E-01
0.162507E-01
0.161752E-01
0.160995E-01
0.160237E-01
0.159478E-01
0.158718E-01
0.157957E-01
0.157195E-01
0.156434E-01
0.155673E-01
0.154912E-01
0.154153E-01
0.153394E-01
0.152637E-01
0.151882E-01
0.151129E-01
0.150378E-01
0.149631E-01
0.148888E-01
0.148148E-01
0.147412E-01
0.146682E-01
0.145957E-01
0.145238E-01
0.144526E-01
0.143820E-01
0.143123E-01
0.142433E-01
0.141753E-01
0.141083E-01
0.140423E-01
0.139775E-01
0.139140E-01
0.138517E-01
0.137909E-01
0.137316E-01
0.136740E-01
0.136181E-01
0.135641E-01
0.135122E-01
0.134624E-01
0.134148E-01
0.133698E-01
0.133273E-01
0.132876E-01
0.132508E-01
0.132170E-01
0.131865E-01
0.131594E-01
0.131357E-01
0.131157E-01
0.130994E-01
0.130868E-01
0.130781E-01
0.130731E-01
0.130717E-01
0.130738E-01
0.130791E-01
0.130871E-01
0.130973E-01
0.131092E-01
0.131220E-01
0.188892E-01
0.188232E-01
0.187577E-01
0.186918E-01
0.186256E-01
0.185591E-01
0.184923E-01
0.184252E-01
0.183578E-01
0.182900E-01
0.182219E-01
0.181535E-01
0.180848E-01
0.180158E-01
0.179463E-01
0.178766E-01
0.178065E-01
0.177360E-01
0.176652E-01
0.175939E-01
0.175223E-01
0.174504E-01
0.173780E-01
0.173052E-01
0.172320E-01
0.171584E-01
0.170844E-01
0.170100E-01
0.169352E-01
0.168600E-01
0.167845E-01
0.167085E-01
0.166321E-01
0.165554E-01
0.164783E-01
0.164008E-01
0.163231E-01
0.162450E-01
0.161666E-01
0.160879E-01
0.160089E-01
0.159297E-01
0.158503E-01
0.157706E-01
0.156908E-01
0.156108E-01
0.155308E-01
0.154506E-01
0.153703E-01
0.152900E-01
0.152097E-01
0.151294E-01
0.150492E-01
0.149691E-01
0.148891E-01
0.148093E-01
0.147297E-01
0.146504E-01
0.145713E-01
0.144926E-01
0.144144E-01
0.143365E-01
0.142592E-01
0.141824E-01
0.141063E-01
0.140308E-01
0.139561E-01
0.138822E-01
0.138093E-01
0.137373E-01
0.136664E-01
0.135967E-01
0.135282E-01
0.134612E-01
0.133956E-01
0.133317E-01
0.132694E-01
0.132091E-01
0.131508E-01
0.130947E-01
0.130409E-01
0.129896E-01
0.129409E-01
0.128952E-01
0.128524E-01
0.128128E-01
0.127767E-01
0.127440E-01
0.127151E-01
0.126900E-01
0.126687E-01
0.126515E-01
0.126382E-01
0.126288E-01
0.126231E-01
0.126208E-01
0.126216E-01
0.126249E-01
0.126299E-01
0.126360E-01
0.188622E-01
0.187962E-01
0.187305E-01
0.186644E-01
0.185980E-01
0.185311E-01
0.184639E-01
0.183963E-01
0.183283E-01
0.182599E-01
0.181911E-01
0.181220E-01
0.180524E-01
0.179825E-01
0.179121E-01
0.178413E-01
0.177700E-01
0.176984E-01
0.176263E-01
0.175537E-01
0.174807E-01
0.174072E-01
0.173333E-01
0.172588E-01
0.171839E-01
0.171085E-01
0.170327E-01
0.169563E-01
0.168795E-01
0.168022E-01
0.167244E-01
0.166461E-01
0.165674E-01
0.164882E-01
0.164085E-01
0.163284E-01
0.162479E-01
0.161670E-01
0.160856E-01
0.160039E-01
0.159218E-01
0.158393E-01
0.157565E-01
0.156735E-01
0.155901E-01
0.155064E-01
0.154225E-01
0.153384E-01
0.152542E-01
0.151697E-01
0.150851E-01
0.150005E-01
0.149157E-01
0.148310E-01
0.147462E-01
0.146615E-01
0.145768E-01
0.144923E-01
0.144079E-01
0.143238E-01
0.142398E-01
0.141562E-01
0.140729E-01
0.139901E-01
0.139077E-01
0.138258E-01
0.137445E-01
0.136639E-01
0.135840E-01
0.135050E-01
0.134268E-01
0.133497E-01
0.132737E-01
0.131988E-01
0.131253E-01
0.130532E-01
0.129827E-01
0.129140E-01
0.128471E-01
0.127822E-01
0.127195E-01
0.126592E-01
0.126014E-01
0.125464E-01
0.124943E-01
0.124454E-01
0.123999E-01
0.123579E-01
0.123196E-01
0.122852E-01
0.122549E-01
0.122286E-01
0.122066E-01
0.121886E-01
0.121746E-01
0.121644E-01
0.121574E-01
0.121532E-01
0.121511E-01
0.121500E-01
0.188356E-01
0.187695E-01
0.187037E-01
0.186374E-01
0.185707E-01
0.185035E-01
0.184359E-01
0.183679E-01
0.182993E-01
0.182304E-01
0.181609E-01
0.180911E-01
0.180207E-01
0.179499E-01
0.178786E-01
0.178068E-01
0.177345E-01
0.176617E-01
0.175884E-01
0.175145E-01
0.174402E-01
0.173653E-01
0.172898E-01
0.172139E-01
0.171373E-01
0.170602E-01
0.169826E-01
0.169044E-01
0.168256E-01
0.167463E-01
0.166664E-01
0.165859E-01
0.165050E-01
0.164234E-01
0.163413E-01
0.162587E-01
0.161756E-01
0.160919E-01
0.160078E-01
0.159232E-01
0.158381E-01
0.157525E-01
0.156666E-01
0.155802E-01
0.154934E-01
0.154062E-01
0.153187E-01
0.152309E-01
0.151428E-01
0.150544E-01
0.149657E-01
0.148768E-01
0.147877E-01
0.146985E-01
0.146091E-01
0.145196E-01
0.144301E-01
0.143406E-01
0.142510E-01
0.141615E-01
0.140721E-01
0.139829E-01
0.138939E-01
0.138051E-01
0.137165E-01
0.136284E-01
0.135407E-01
0.134534E-01
0.133668E-01
0.132807E-01
0.131954E-01
0.131109E-01
0.130273E-01
0.129447E-01
0.128633E-01
0.127831E-01
0.127043E-01
0.126270E-01
0.125514E-01
0.124777E-01
0.124059E-01
0.123364E-01
0.122693E-01
0.122049E-01
0.121432E-01
0.120846E-01
0.120293E-01
0.119776E-01
0.119295E-01
0.118855E-01
0.118455E-01
0.118098E-01
0.117784E-01
0.117514E-01
0.117286E-01
0.117098E-01
0.116947E-01
0.116825E-01
0.116727E-01
0.116640E-01
0.188094E-01
0.187433E-01
0.186774E-01
0.186109E-01
0.185440E-01
0.184765E-01
0.184085E-01
0.183400E-01
0.182710E-01
0.182014E-01
0.181314E-01
0.180608E-01
0.179897E-01
0.179181E-01
0.178459E-01
0.177732E-01
0.176998E-01
0.176260E-01
0.175515E-01
0.174765E-01
0.174009E-01
0.173246E-01
0.172478E-01
0.171703E-01
0.170922E-01
0.170135E-01
0.169342E-01
0.168542E-01
0.167736E-01
0.166924E-01
0.166105E-01
0.165280E-01
0.164449E-01
0.163611E-01
0.162767E-01
0.161917E-01
0.161061E-01
0.160199E-01
0.159331E-01
0.158457E-01
0.157578E-01
0.156693E-01
0.155803E-01
0.154908E-01
0.154008E-01
0.153103E-01
0.152193E-01
0.151279E-01
0.150361E-01
0.149439E-01
0.148513E-01
0.147584E-01
0.146651E-01
0.145716E-01
0.144778E-01
0.143838E-01
0.142895E-01
0.141951E-01
0.141006E-01
0.140060E-01
0.139113E-01
0.138166E-01
0.137219E-01
0.136273E-01
0.135329E-01
0.134386E-01
0.133446E-01
0.132508E-01
0.131575E-01
0.130645E-01
0.129722E-01
0.128804E-01
0.127893E-01
0.126991E-01
0.126097E-01
0.125214E-01
0.124343E-01
0.123485E-01
0.122641E-01
0.121815E-01
0.121006E-01
0.120217E-01
0.119451E-01
0.118709E-01
0.117994E-01
0.117309E-01
0.116655E-01
0.116036E-01
0.115454E-01
0.114911E-01
0.114410E-01
0.113953E-01
0.113541E-01
0.113174E-01
0.112853E-01
0.112574E-01
0.112335E-01
0.112129E-01
0.111947E-01
0.111780E-01
0.187838E-01
0.187176E-01
0.186516E-01
0.185850E-01
0.185178E-01
0.184500E-01
0.183817E-01
0.183127E-01
0.182433E-01
0.181732E-01
0.181026E-01
0.180313E-01
0.179595E-01
0.178871E-01
0.178141E-01
0.177405E-01
0.176662E-01
0.175913E-01
0.175158E-01
0.174396E-01
0.173628E-01
0.172853E-01
0.172071E-01
0.171282E-01
0.170487E-01
0.169685E-01
0.168875E-01
0.168059E-01
0.167236E-01
0.166405E-01
0.165568E-01
0.164723E-01
0.163871E-01
0.163013E-01
0.162147E-01
0.161274E-01
0.160395E-01
0.159508E-01
0.158615E-01
0.157716E-01
0.156809E-01
0.155897E-01
0.154978E-01
0.154053E-01
0.153121E-01
0.152185E-01
0.151242E-01
0.150294E-01
0.149341E-01
0.148382E-01
0.147419E-01
0.146451E-01
0.145479E-01
0.144502E-01
0.143522E-01
0.142538E-01
0.141550E-01
0.140559E-01
0.139566E-01
0.138570E-01
0.137572E-01
0.136572E-01
0.135571E-01
0.134569E-01
0.133567E-01
0.132564E-01
0.131562E-01
0.130561E-01
0.129562E-01
0.128566E-01
0.127572E-01
0.126583E-01
0.125598E-01
0.124620E-01
0.123648E-01
0.122684E-01
0.121730E-01
0.120786E-01
0.119855E-01
0.118938E-01
0.118037E-01
0.117154E-01
0.116290E-01
0.115450E-01
0.114634E-01
0.113845E-01
0.113088E-01
0.112363E-01
0.111675E-01
0.111026E-01
0.110418E-01
0.109856E-01
0.109339E-01
0.108870E-01
0.108448E-01
0.108073E-01
0.107740E-01
0.107443E-01
0.107174E-01
0.106920E-01
0.187588E-01
0.186925E-01
0.186264E-01
0.185596E-01
0.184922E-01
0.184241E-01
0.183555E-01
0.182862E-01
0.182162E-01
0.181457E-01
0.180745E-01
0.180027E-01
0.179302E-01
0.178570E-01
0.177832E-01
0.177087E-01
0.176336E-01
0.175577E-01
0.174812E-01
0.174039E-01
0.173260E-01
0.172473E-01
0.171678E-01
0.170876E-01
0.170067E-01
0.169250E-01
0.168426E-01
0.167594E-01
0.166754E-01
0.165907E-01
0.165051E-01
0.164188E-01
0.163317E-01
0.162439E-01
0.161552E-01
0.160658E-01
0.159756E-01
0.158847E-01
0.157930E-01
0.157006E-01
0.156074E-01
0.155135E-01
0.154188E-01
0.153235E-01
0.152275E-01
0.151307E-01
0.150333E-01
0.149353E-01
0.148366E-01
0.147373E-01
0.146374E-01
0.145369E-01
0.144359E-01
0.143343E-01
0.142322E-01
0.141296E-01
0.140265E-01
0.139229E-01
0.138189E-01
0.137146E-01
0.136098E-01
0.135048E-01
0.133994E-01
0.132937E-01
0.131879E-01
0.130818E-01
0.129756E-01
0.128694E-01
0.127631E-01
0.126568E-01
0.125507E-01
0.124447E-01
0.123389E-01
0.122336E-01
0.121286E-01
0.120243E-01
0.119206E-01
0.118177E-01
0.117158E-01
0.116151E-01
0.115156E-01
0.114177E-01
0.113215E-01
0.112274E-01
0.111355E-01
0.110461E-01
0.109595E-01
0.108762E-01
0.107963E-01
0.107202E-01
0.106484E-01
0.105809E-01
0.105182E-01
0.104604E-01
0.104076E-01
0.103597E-01
0.103163E-01
0.102770E-01
0.102406E-01
0.102060E-01
0.187344E-01
0.186681E-01
0.186019E-01
0.185349E-01
0.184673E-01
0.183990E-01
0.183300E-01
0.182603E-01
0.181900E-01
0.181189E-01
0.180472E-01
0.179748E-01
0.179017E-01
0.178278E-01
0.177533E-01
0.176780E-01
0.176020E-01
0.175253E-01
0.174477E-01
0.173695E-01
0.172904E-01
0.172106E-01
0.171300E-01
0.170486E-01
0.169663E-01
0.168833E-01
0.167994E-01
0.167147E-01
0.166292E-01
0.165428E-01
0.164556E-01
0.163676E-01
0.162787E-01
0.161889E-01
0.160983E-01
0.160069E-01
0.159146E-01
0.158215E-01
0.157275E-01
0.156328E-01
0.155371E-01
0.154407E-01
0.153435E-01
0.152455E-01
0.151466E-01
0.150470E-01
0.149467E-01
0.148456E-01
0.147437E-01
0.146411E-01
0.145378E-01
0.144338E-01
0.143291E-01
0.142238E-01
0.141177E-01
0.140111E-01
0.139039E-01
0.137960E-01
0.136876E-01
0.135786E-01
0.134691E-01
0.133592E-01
0.132487E-01
0.131378E-01
0.130265E-01
0.129148E-01
0.128028E-01
0.126906E-01
0.125780E-01
0.124653E-01
0.123525E-01
0.122396E-01
0.121268E-01
0.120140E-01
0.119014E-01
0.117891E-01
0.116772E-01
0.115659E-01
0.114552E-01
0.113454E-01
0.112366E-01
0.111291E-01
0.110229E-01
0.109185E-01
0.108161E-01
0.107159E-01
0.106183E-01
0.105237E-01
0.104323E-01
0.103446E-01
0.102611E-01
0.101819E-01
0.101075E-01
0.100381E-01
0.997394E-02
0.991491E-02
0.986078E-02
0.981099E-02
0.976454E-02
0.972000E-02
0.187107E-01
0.186444E-01
0.185780E-01
0.185109E-01
0.184431E-01
0.183746E-01
0.183053E-01
0.182353E-01
0.181645E-01
0.180930E-01
0.180208E-01
0.179478E-01
0.178741E-01
0.177996E-01
0.177244E-01
0.176484E-01
0.175715E-01
0.174939E-01
0.174155E-01
0.173363E-01
0.172562E-01
0.171753E-01
0.170936E-01
0.170110E-01
0.169275E-01
0.168432E-01
0.167580E-01
0.166719E-01
0.165849E-01
0.164970E-01
0.164082E-01
0.163185E-01
0.162279E-01
0.161364E-01
0.160439E-01
0.159506E-01
0.158563E-01
0.157611E-01
0.156651E-01
0.155681E-01
0.154702E-01
0.153714E-01
0.152717E-01
0.151711E-01
0.150696E-01
0.149673E-01
0.148641E-01
0.147601E-01
0.146552E-01
0.145495E-01
0.144430E-01
0.143356E-01
0.142274E-01
0.141185E-01
0.140088E-01
0.138983E-01
0.137871E-01
0.136751E-01
0.135624E-01
0.134491E-01
0.133350E-01
0.132203E-01
0.131050E-01
0.129890E-01
0.128725E-01
0.127554E-01
0.126378E-01
0.125197E-01
0.124011E-01
0.122821E-01
0.121628E-01
0.120432E-01
0.119233E-01
0.118033E-01
0.116832E-01
0.115631E-01
0.114431E-01
0.113234E-01
0.112040E-01
0.110852E-01
0.109670E-01
0.108497E-01
0.107336E-01
0.106188E-01
0.105057E-01
0.103944E-01
0.102855E-01
0.101792E-01
0.100760E-01
0.997624E-02
0.988039E-02
0.978888E-02
0.970212E-02
0.962046E-02
0.954413E-02
0.947322E-02
0.940752E-02
0.934652E-02
0.928920E-02
0.923400E-02
0.186877E-01
0.186214E-01
0.185549E-01
0.184877E-01
0.184197E-01
0.183509E-01
0.182814E-01
0.182110E-01
0.181399E-01
0.180680E-01
0.179953E-01
0.179218E-01
0.178475E-01
0.177724E-01
0.176965E-01
0.176198E-01
0.175422E-01
0.174638E-01
0.173845E-01
0.173044E-01
0.172234E-01
0.171415E-01
0.170587E-01
0.169749E-01
0.168903E-01
0.168048E-01
0.167183E-01
0.166309E-01
0.165425E-01
0.164532E-01
0.163629E-01
0.162716E-01
0.161794E-01
0.160862E-01
0.159920E-01
0.158969E-01
0.158007E-01
0.157036E-01
0.156055E-01
0.155064E-01
0.154064E-01
0.153053E-01
0.152033E-01
0.151003E-01
0.149964E-01
0.148915E-01
0.147856E-01
0.146788E-01
0.145711E-01
0.144624E-01
0.143528E-01
0.142422E-01
0.141308E-01
0.140184E-01
0.139052E-01
0.137910E-01
0.136760E-01
0.135601E-01
0.134434E-01
0.133258E-01
0.132074E-01
0.130882E-01
0.129681E-01
0.128473E-01
0.127257E-01
0.126034E-01
0.124804E-01
0.123566E-01
0.122322E-01
0.121072E-01
0.119815E-01
0.118553E-01
0.117287E-01
0.116016E-01
0.114741E-01
0.113463E-01
0.112184E-01
0.110904E-01
0.109624E-01
0.108345E-01
0.107070E-01
0.105801E-01
0.104539E-01
0.103286E-01
0.102046E-01
0.100822E-01
0.996164E-02
0.984340E-02
0.972789E-02
0.961557E-02
0.950691E-02
0.940242E-02
0.930259E-02
0.920786E-02
0.911858E-02
0.903493E-02
0.895681E-02
0.888373E-02
0.881469E-02
0.874800E-02
0.186656E-01
0.185992E-01
0.185326E-01
0.184653E-01
0.183971E-01
0.183281E-01
0.182583E-01
0.181876E-01
0.181162E-01
0.180439E-01
0.179707E-01
0.178968E-01
0.178219E-01
0.177463E-01
0.176697E-01
0.175923E-01
0.175140E-01
0.174348E-01
0.173548E-01
0.172738E-01
0.171919E-01
0.171090E-01
0.170252E-01
0.169405E-01
0.168547E-01
0.167681E-01
0.166804E-01
0.165917E-01
0.165021E-01
0.164114E-01
0.163197E-01
0.162270E-01
0.161332E-01
0.160384E-01
0.159426E-01
0.158458E-01
0.157479E-01
0.156489E-01
0.155489E-01
0.154478E-01
0.153457E-01
0.152426E-01
0.151384E-01
0.150331E-01
0.149268E-01
0.148195E-01
0.147111E-01
0.146017E-01
0.144912E-01
0.143797E-01
0.142672E-01
0.141536E-01
0.140390E-01
0.139234E-01
0.138068E-01
0.136892E-01
0.135706E-01
0.134510E-01
0.133303E-01
0.132087E-01
0.130862E-01
0.129626E-01
0.128381E-01
0.127126E-01
0.125862E-01
0.124588E-01
0.123306E-01
0.122014E-01
0.120713E-01
0.119404E-01
0.118087E-01
0.116761E-01
0.115428E-01
0.114088E-01
0.112742E-01
0.111389E-01
0.110032E-01
0.108670E-01
0.107305E-01
0.105937E-01
0.104570E-01
0.103204E-01
0.101840E-01
0.100483E-01
0.991334E-02
0.977952E-02
0.964717E-02
0.951669E-02
0.938853E-02
0.926317E-02
0.914116E-02
0.902306E-02
0.890944E-02
0.880085E-02
0.869774E-02
0.860042E-02
0.850891E-02
0.842281E-02
0.834111E-02
0.826200E-02
0.186442E-01
0.185778E-01
0.185112E-01
0.184437E-01
0.183754E-01
0.183062E-01
0.182361E-01
0.181651E-01
0.180933E-01
0.180207E-01
0.179471E-01
0.178727E-01
0.177974E-01
0.177212E-01
0.176440E-01
0.175660E-01
0.174870E-01
0.174071E-01
0.173263E-01
0.172445E-01
0.171617E-01
0.170780E-01
0.169933E-01
0.169075E-01
0.168208E-01
0.167330E-01
0.166442E-01
0.165544E-01
0.164635E-01
0.163716E-01
0.162785E-01
0.161844E-01
0.160893E-01
0.159930E-01
0.158956E-01
0.157972E-01
0.156976E-01
0.155969E-01
0.154951E-01
0.153922E-01
0.152882E-01
0.151830E-01
0.150768E-01
0.149694E-01
0.148608E-01
0.147512E-01
0.146404E-01
0.145285E-01
0.144155E-01
0.143013E-01
0.141860E-01
0.140696E-01
0.139521E-01
0.138334E-01
0.137136E-01
0.135927E-01
0.134706E-01
0.133475E-01
0.132232E-01
0.130977E-01
0.129712E-01
0.128435E-01
0.127147E-01
0.125847E-01
0.124537E-01
0.123215E-01
0.121882E-01
0.120539E-01
0.119184E-01
0.117818E-01
0.116442E-01
0.115055E-01
0.113658E-01
0.112251E-01
0.110835E-01
0.109409E-01
0.107975E-01
0.106533E-01
0.105084E-01
0.103630E-01
0.102171E-01
0.100709E-01
0.992449E-02
0.977822E-02
0.963227E-02
0.948695E-02
0.934260E-02
0.919962E-02
0.905847E-02
0.891966E-02
0.878376E-02
0.865141E-02
0.852326E-02
0.839995E-02
0.828209E-02
0.817010E-02
0.806416E-02
0.796397E-02
0.786856E-02
0.777600E-02
0.186238E-01
0.185573E-01
0.184906E-01
0.184230E-01
0.183545E-01
0.182851E-01
0.182148E-01
0.181436E-01
0.180715E-01
0.179985E-01
0.179245E-01
0.178497E-01
0.177739E-01
0.176972E-01
0.176195E-01
0.175408E-01
0.174613E-01
0.173807E-01
0.172991E-01
0.172166E-01
0.171330E-01
0.170484E-01
0.169628E-01
0.168762E-01
0.167885E-01
0.166997E-01
0.166098E-01
0.165189E-01
0.164269E-01
0.163337E-01
0.162394E-01
0.161441E-01
0.160475E-01
0.159499E-01
0.158511E-01
0.157511E-01
0.156500E-01
0.155476E-01
0.154442E-01
0.153395E-01
0.152337E-01
0.151266E-01
0.150184E-01
0.149090E-01
0.147984E-01
0.146865E-01
0.145735E-01
0.144593E-01
0.143438E-01
0.142271E-01
0.141092E-01
0.139901E-01
0.138698E-01
0.137482E-01
0.136254E-01
0.135013E-01
0.133760E-01
0.132495E-01
0.131217E-01
0.129926E-01
0.128623E-01
0.127307E-01
0.125978E-01
0.124636E-01
0.123282E-01
0.121914E-01
0.120533E-01
0.119140E-01
0.117733E-01
0.116313E-01
0.114880E-01
0.113434E-01
0.111975E-01
0.110504E-01
0.109019E-01
0.107523E-01
0.106015E-01
0.104495E-01
0.102965E-01
0.101424E-01
0.998750E-02
0.983180E-02
0.967549E-02
0.951874E-02
0.936179E-02
0.920492E-02
0.904844E-02
0.889275E-02
0.873831E-02
0.858564E-02
0.843536E-02
0.828813E-02
0.814469E-02
0.800580E-02
0.787219E-02
0.774445E-02
0.762293E-02
0.750747E-02
0.739717E-02
0.729000E-02
0.186042E-01
0.185377E-01
0.184709E-01
0.184032E-01
0.183346E-01
0.182650E-01
0.181945E-01
0.181230E-01
0.180506E-01
0.179773E-01
0.179030E-01
0.178277E-01
0.177515E-01
0.176743E-01
0.175961E-01
0.175169E-01
0.174367E-01
0.173555E-01
0.172733E-01
0.171900E-01
0.171057E-01
0.170203E-01
0.169339E-01
0.168464E-01
0.167578E-01
0.166680E-01
0.165772E-01
0.164852E-01
0.163921E-01
0.162978E-01
0.162024E-01
0.161058E-01
0.160080E-01
0.159090E-01
0.158088E-01
0.157075E-01
0.156048E-01
0.155010E-01
0.153959E-01
0.152896E-01
0.151821E-01
0.150733E-01
0.149632E-01
0.148519E-01
0.147393E-01
0.146254E-01
0.145103E-01
0.143938E-01
0.142761E-01
0.141570E-01
0.140367E-01
0.139150E-01
0.137920E-01
0.136677E-01
0.135420E-01
0.134150E-01
0.132867E-01
0.131569E-01
0.130258E-01
0.128933E-01
0.127594E-01
0.126241E-01
0.124873E-01
0.123491E-01
0.122094E-01
0.120683E-01
0.119257E-01
0.117815E-01
0.116359E-01
0.114887E-01
0.113400E-01
0.111897E-01
0.110379E-01
0.108845E-01
0.107296E-01
0.105731E-01
0.104151E-01
0.102556E-01
0.100946E-01
0.993220E-02
0.976845E-02
0.960344E-02
0.943731E-02
0.927019E-02
0.910230E-02
0.893386E-02
0.876519E-02
0.859665E-02
0.842867E-02
0.826180E-02
0.809664E-02
0.793393E-02
0.777445E-02
0.761907E-02
0.746867E-02
0.732402E-02
0.718566E-02
0.705362E-02
0.692710E-02
0.680400E-02
0.185856E-01
0.185191E-01
0.184522E-01
0.183844E-01
0.183157E-01
0.182459E-01
0.181752E-01
0.181035E-01
0.180308E-01
0.179571E-01
0.178825E-01
0.178068E-01
0.177302E-01
0.176525E-01
0.175739E-01
0.174941E-01
0.174134E-01
0.173316E-01
0.172488E-01
0.171648E-01
0.170798E-01
0.169937E-01
0.169065E-01
0.168182E-01
0.167287E-01
0.166381E-01
0.165463E-01
0.164533E-01
0.163592E-01
0.162639E-01
0.161674E-01
0.160696E-01
0.159706E-01
0.158704E-01
0.157690E-01
0.156662E-01
0.155622E-01
0.154570E-01
0.153504E-01
0.152426E-01
0.151334E-01
0.150229E-01
0.149112E-01
0.147980E-01
0.146836E-01
0.145678E-01
0.144506E-01
0.143321E-01
0.142122E-01
0.140909E-01
0.139683E-01
0.138442E-01
0.137187E-01
0.135918E-01
0.134634E-01
0.133336E-01
0.132024E-01
0.130696E-01
0.129354E-01
0.127996E-01
0.126623E-01
0.125234E-01
0.123830E-01
0.122410E-01
0.120973E-01
0.119520E-01
0.118051E-01
0.116564E-01
0.115061E-01
0.113540E-01
0.112001E-01
0.110444E-01
0.108869E-01
0.107276E-01
0.105664E-01
0.104034E-01
0.102384E-01
0.100716E-01
0.990293E-02
0.973240E-02
0.956006E-02
0.938596E-02
0.921020E-02
0.903288E-02
0.885415E-02
0.867423E-02
0.849336E-02
0.831187E-02
0.813019E-02
0.794881E-02
0.776837E-02
0.758958E-02
0.741333E-02
0.724055E-02
0.707226E-02
0.690944E-02
0.675285E-02
0.660276E-02
0.645853E-02
0.631800E-02
0.185680E-01
0.185014E-01
0.184345E-01
0.183666E-01
0.182977E-01
0.182278E-01
0.181569E-01
0.180850E-01
0.180120E-01
0.179381E-01
0.178631E-01
0.177871E-01
0.177100E-01
0.176320E-01
0.175528E-01
0.174726E-01
0.173914E-01
0.173090E-01
0.172256E-01
0.171410E-01
0.170554E-01
0.169686E-01
0.168806E-01
0.167915E-01
0.167012E-01
0.166098E-01
0.165171E-01
0.164233E-01
0.163282E-01
0.162319E-01
0.161343E-01
0.160355E-01
0.159354E-01
0.158340E-01
0.157314E-01
0.156274E-01
0.155221E-01
0.154155E-01
0.153075E-01
0.151982E-01
0.150875E-01
0.149755E-01
0.148621E-01
0.147473E-01
0.146311E-01
0.145135E-01
0.143944E-01
0.142740E-01
0.141521E-01
0.140287E-01
0.139038E-01
0.137775E-01
0.136497E-01
0.135203E-01
0.133894E-01
0.132570E-01
0.131230E-01
0.129874E-01
0.128502E-01
0.127113E-01
0.125708E-01
0.124287E-01
0.122848E-01
0.121391E-01
0.119917E-01
0.118425E-01
0.116914E-01
0.115385E-01
0.113837E-01
0.112269E-01
0.110681E-01
0.109073E-01
0.107444E-01
0.105794E-01
0.104122E-01
0.102429E-01
0.100713E-01
0.989752E-02
0.972144E-02
0.954308E-02
0.936243E-02
0.917952E-02
0.899437E-02
0.880706E-02
0.861770E-02
0.842642E-02
0.823343E-02
0.803901E-02
0.784351E-02
0.764742E-02
0.745132E-02
0.725595E-02
0.706220E-02
0.687109E-02
0.668378E-02
0.650145E-02
0.632511E-02
0.615532E-02
0.599166E-02
0.583200E-02
0.185514E-01
0.184847E-01
0.184178E-01
0.183498E-01
0.182808E-01
0.182107E-01
0.181396E-01
0.180675E-01
0.179943E-01
0.179201E-01
0.178448E-01
0.177685E-01
0.176911E-01
0.176126E-01
0.175330E-01
0.174524E-01
0.173706E-01
0.172877E-01
0.172037E-01
0.171186E-01
0.170323E-01
0.169449E-01
0.168562E-01
0.167664E-01
0.166754E-01
0.165832E-01
0.164897E-01
0.163950E-01
0.162990E-01
0.162018E-01
0.161032E-01
0.160034E-01
0.159023E-01
0.157998E-01
0.156960E-01
0.155909E-01
0.154843E-01
0.153765E-01
0.152672E-01
0.151565E-01
0.150444E-01
0.149309E-01
0.148160E-01
0.146996E-01
0.145818E-01
0.144624E-01
0.143416E-01
0.142193E-01
0.140955E-01
0.139702E-01
0.138433E-01
0.137148E-01
0.135847E-01
0.134531E-01
0.133198E-01
0.131849E-01
0.130483E-01
0.129101E-01
0.127701E-01
0.126283E-01
0.124848E-01
0.123395E-01
0.121924E-01
0.120433E-01
0.118923E-01
0.117394E-01
0.115845E-01
0.114275E-01
0.112685E-01
0.111072E-01
0.109438E-01
0.107781E-01
0.106101E-01
0.104397E-01
0.102669E-01
0.100916E-01
0.991375E-02
0.973327E-02
0.955012E-02
0.936425E-02
0.917562E-02
0.898421E-02
0.878999E-02
0.859299E-02
0.839324E-02
0.819082E-02
0.798588E-02
0.777861E-02
0.756932E-02
0.735839E-02
0.714637E-02
0.693396E-02
0.672204E-02
0.651170E-02
0.630420E-02
0.610092E-02
0.590315E-02
0.571181E-02
0.552678E-02
0.534600E-02
0.185358E-01
0.184691E-01
0.184021E-01
0.183341E-01
0.182649E-01
0.181947E-01
0.181235E-01
0.180511E-01
0.179777E-01
0.179032E-01
0.178277E-01
0.177510E-01
0.176733E-01
0.175944E-01
0.175145E-01
0.174334E-01
0.173512E-01
0.172678E-01
0.171833E-01
0.170976E-01
0.170107E-01
0.169227E-01
0.168334E-01
0.167429E-01
0.166512E-01
0.165582E-01
0.164640E-01
0.163685E-01
0.162716E-01
0.161735E-01
0.160741E-01
0.159733E-01
0.158712E-01
0.157677E-01
0.156628E-01
0.155566E-01
0.154489E-01
0.153399E-01
0.152294E-01
0.151174E-01
0.150040E-01
0.148891E-01
0.147727E-01
0.146549E-01
0.145355E-01
0.144146E-01
0.142921E-01
0.141681E-01
0.140425E-01
0.139152E-01
0.137864E-01
0.136559E-01
0.135238E-01
0.133900E-01
0.132545E-01
0.131173E-01
0.129783E-01
0.128375E-01
0.126949E-01
0.125504E-01
0.124041E-01
0.122558E-01
0.121056E-01
0.119534E-01
0.117991E-01
0.116427E-01
0.114841E-01
0.113233E-01
0.111603E-01
0.109949E-01
0.108271E-01
0.106568E-01
0.104840E-01
0.103085E-01
0.101304E-01
0.994941E-02
0.976557E-02
0.957876E-02
0.938890E-02
0.919588E-02
0.899964E-02
0.880009E-02
0.859717E-02
0.839083E-02
0.818103E-02
0.796779E-02
0.775116E-02
0.753125E-02
0.730826E-02
0.708249E-02
0.685440E-02
0.662460E-02
0.639394E-02
0.616350E-02
0.593463E-02
0.570888E-02
0.548786E-02
0.527287E-02
0.506422E-02
0.486000E-02
0.185213E-01
0.184546E-01
0.183876E-01
0.183194E-01
0.182502E-01
0.181798E-01
0.181084E-01
0.180359E-01
0.179623E-01
0.178875E-01
0.178117E-01
0.177347E-01
0.176567E-01
0.175775E-01
0.174971E-01
0.174156E-01
0.173330E-01
0.172492E-01
0.171642E-01
0.170780E-01
0.169906E-01
0.169019E-01
0.168121E-01
0.167210E-01
0.166286E-01
0.165349E-01
0.164399E-01
0.163437E-01
0.162461E-01
0.161472E-01
0.160469E-01
0.159452E-01
0.158422E-01
0.157377E-01
0.156319E-01
0.155246E-01
0.154158E-01
0.153056E-01
0.151940E-01
0.150808E-01
0.149662E-01
0.148500E-01
0.147323E-01
0.146130E-01
0.144921E-01
0.143697E-01
0.142457E-01
0.141200E-01
0.139928E-01
0.138638E-01
0.137332E-01
0.136008E-01
0.134667E-01
0.133309E-01
0.131933E-01
0.130539E-01
0.129126E-01
0.127695E-01
0.126244E-01
0.124774E-01
0.123284E-01
0.121774E-01
0.120243E-01
0.118690E-01
0.117116E-01
0.115519E-01
0.113900E-01
0.112256E-01
0.110588E-01
0.108895E-01
0.107176E-01
0.105431E-01
0.103657E-01
0.101855E-01
0.100023E-01
0.981606E-02
0.962660E-02
0.943384E-02
0.923764E-02
0.903788E-02
0.883444E-02
0.862717E-02
0.841597E-02
0.820071E-02
0.798129E-02
0.775762E-02
0.752967E-02
0.729744E-02
0.706100E-02
0.682053E-02
0.657635E-02
0.632896E-02
0.607909E-02
0.582778E-02
0.557638E-02
0.532659E-02
0.508030E-02
0.483929E-02
0.460438E-02
0.437400E-02
0.185079E-01
0.184412E-01
0.183741E-01
0.183059E-01
0.182365E-01
0.181660E-01
0.180945E-01
0.180218E-01
0.179479E-01
0.178730E-01
0.177969E-01
0.177197E-01
0.176413E-01
0.175618E-01
0.174811E-01
0.173992E-01
0.173162E-01
0.172319E-01
0.171465E-01
0.170598E-01
0.169719E-01
0.168827E-01
0.167923E-01
0.167006E-01
0.166076E-01
0.165132E-01
0.164176E-01
0.163206E-01
0.162223E-01
0.161226E-01
0.160215E-01
0.159190E-01
0.158151E-01
0.157098E-01
0.156030E-01
0.154947E-01
0.153850E-01
0.152737E-01
0.151610E-01
0.150467E-01
0.149308E-01
0.148134E-01
0.146944E-01
0.145739E-01
0.144517E-01
0.143278E-01
0.142023E-01
0.140752E-01
0.139463E-01
0.138157E-01
0.136834E-01
0.135492E-01
0.134133E-01
0.132756E-01
0.131360E-01
0.129945E-01
0.128511E-01
0.127058E-01
0.125584E-01
0.124090E-01
0.122576E-01
0.121039E-01
0.119481E-01
0.117901E-01
0.116297E-01
0.114670E-01
0.113018E-01
0.111342E-01
0.109639E-01
0.107910E-01
0.106152E-01
0.104366E-01
0.102551E-01
0.100704E-01
0.988254E-02
0.969132E-02
0.949662E-02
0.929829E-02
0.909617E-02
0.889009E-02
0.867989E-02
0.846538E-02
0.824638E-02
0.802269E-02
0.779414E-02
0.756055E-02
0.732177E-02
0.707766E-02
0.682817E-02
0.657331E-02
0.631322E-02
0.604821E-02
0.577885E-02
0.550601E-02
0.523100E-02
0.495555E-02
0.468183E-02
0.441209E-02
0.414783E-02
0.388800E-02
0.184956E-01
0.184289E-01
0.183617E-01
0.182934E-01
0.182240E-01
0.181534E-01
0.180817E-01
0.180088E-01
0.179348E-01
0.178596E-01
0.177833E-01
0.177058E-01
0.176272E-01
0.175473E-01
0.174663E-01
0.173841E-01
0.173006E-01
0.172160E-01
0.171301E-01
0.170430E-01
0.169546E-01
0.168649E-01
0.167740E-01
0.166817E-01
0.165881E-01
0.164932E-01
0.163969E-01
0.162993E-01
0.162003E-01
0.160998E-01
0.159980E-01
0.158947E-01
0.157900E-01
0.156838E-01
0.155761E-01
0.154670E-01
0.153563E-01
0.152440E-01
0.151303E-01
0.150149E-01
0.148980E-01
0.147794E-01
0.146592E-01
0.145374E-01
0.144139E-01
0.142888E-01
0.141619E-01
0.140333E-01
0.139029E-01
0.137708E-01
0.136368E-01
0.135011E-01
0.133635E-01
0.132239E-01
0.130825E-01
0.129391E-01
0.127937E-01
0.126463E-01
0.124968E-01
0.123451E-01
0.121913E-01
0.120353E-01
0.118769E-01
0.117163E-01
0.115532E-01
0.113876E-01
0.112195E-01
0.110487E-01
0.108752E-01
0.106988E-01
0.105196E-01
0.103372E-01
0.101518E-01
0.996297E-02
0.977074E-02
0.957493E-02
0.937536E-02
0.917186E-02
0.896424E-02
0.875230E-02
0.853582E-02
0.831456E-02
0.808829E-02
0.785674E-02
0.761965E-02
0.737673E-02
0.712771E-02
0.687233E-02
0.661035E-02
0.634160E-02
0.606598E-02
0.578358E-02
0.549467E-02
0.519989E-02
0.490033E-02
0.459765E-02
0.429417E-02
0.399261E-02
0.369530E-02
0.340200E-02
0.184844E-01
0.184177E-01
0.183505E-01
0.182821E-01
0.182126E-01
0.181419E-01
0.180700E-01
0.179970E-01
0.179228E-01
0.178474E-01
0.177709E-01
0.176932E-01
0.176142E-01
0.175341E-01
0.174528E-01
0.173702E-01
0.172865E-01
0.172014E-01
0.171151E-01
0.170276E-01
0.169388E-01
0.168486E-01
0.167572E-01
0.166644E-01
0.165703E-01
0.164748E-01
0.163779E-01
0.162796E-01
0.161800E-01
0.160789E-01
0.159763E-01
0.158723E-01
0.157668E-01
0.156598E-01
0.155513E-01
0.154413E-01
0.153297E-01
0.152165E-01
0.151018E-01
0.149854E-01
0.148674E-01
0.147478E-01
0.146265E-01
0.145035E-01
0.143788E-01
0.142524E-01
0.141242E-01
0.139943E-01
0.138625E-01
0.137289E-01
0.135935E-01
0.134562E-01
0.133169E-01
0.131757E-01
0.130325E-01
0.128873E-01
0.127401E-01
0.125907E-01
0.124392E-01
0.122854E-01
0.121294E-01
0.119711E-01
0.118105E-01
0.116473E-01
0.114817E-01
0.113135E-01
0.111426E-01
0.109689E-01
0.107924E-01
0.106129E-01
0.104303E-01
0.102446E-01
0.100554E-01
0.986283E-02
0.966659E-02
0.946653E-02
0.926248E-02
0.905422E-02
0.884155E-02
0.862421E-02
0.840196E-02
0.817450E-02
0.794154E-02
0.770275E-02
0.745776E-02
0.720620E-02
0.694767E-02
0.668176E-02
0.640804E-02
0.612611E-02
0.583563E-02
0.553633E-02
0.522816E-02
0.491134E-02
0.458656E-02
0.425522E-02
0.391956E-02
0.358267E-02
0.324782E-02
0.291600E-02
0.184745E-01
0.184077E-01
0.183405E-01
0.182720E-01
0.182024E-01
0.181316E-01
0.180596E-01
0.179864E-01
0.179121E-01
0.178365E-01
0.177597E-01
0.176818E-01
0.176026E-01
0.175222E-01
0.174406E-01
0.173577E-01
0.172736E-01
0.171882E-01
0.171016E-01
0.170136E-01
0.169243E-01
0.168338E-01
0.167419E-01
0.166486E-01
0.165540E-01
0.164579E-01
0.163605E-01
0.162617E-01
0.161614E-01
0.160596E-01
0.159564E-01
0.158517E-01
0.157455E-01
0.156378E-01
0.155285E-01
0.154176E-01
0.153052E-01
0.151911E-01
0.150755E-01
0.149582E-01
0.148392E-01
0.147185E-01
0.145962E-01
0.144721E-01
0.143463E-01
0.142187E-01
0.140893E-01
0.139580E-01
0.138250E-01
0.136900E-01
0.135531E-01
0.134143E-01
0.132736E-01
0.131308E-01
0.129860E-01
0.128391E-01
0.126900E-01
0.125388E-01
0.123854E-01
0.122297E-01
0.120717E-01
0.119113E-01
0.117484E-01
0.115830E-01
0.114150E-01
0.112443E-01
0.110708E-01
0.108945E-01
0.107152E-01
0.105328E-01
0.103472E-01
0.101582E-01
0.996574E-02
0.976963E-02
0.956970E-02
0.936576E-02
0.915761E-02
0.894501E-02
0.872773E-02
0.850548E-02
0.827798E-02
0.804489E-02
0.780585E-02
0.756047E-02
0.730832E-02
0.704890E-02
0.678169E-02
0.650614E-02
0.622161E-02
0.592748E-02
0.562307E-02
0.530777E-02
0.498102E-02
0.464251E-02
0.429231E-02
0.393120E-02
0.356099E-02
0.318483E-02
0.280691E-02
0.243000E-02
0.184657E-01
0.183989E-01
0.183316E-01
0.182631E-01
0.181934E-01
0.181225E-01
0.180504E-01
0.179770E-01
0.179025E-01
0.178268E-01
0.177498E-01
0.176716E-01
0.175922E-01
0.175116E-01
0.174297E-01
0.173465E-01
0.172621E-01
0.171764E-01
0.170894E-01
0.170010E-01
0.169114E-01
0.168204E-01
0.167280E-01
0.166343E-01
0.165392E-01
0.164427E-01
0.163447E-01
0.162453E-01
0.161445E-01
0.160421E-01
0.159383E-01
0.158329E-01
0.157260E-01
0.156176E-01
0.155075E-01
0.153959E-01
0.152827E-01
0.151678E-01
0.150513E-01
0.149331E-01
0.148132E-01
0.146915E-01
0.145682E-01
0.144430E-01
0.143161E-01
0.141874E-01
0.140568E-01
0.139244E-01
0.137901E-01
0.136538E-01
0.135156E-01
0.133754E-01
0.132332E-01
0.130890E-01
0.129426E-01
0.127941E-01
0.126434E-01
0.124905E-01
0.123353E-01
0.121778E-01
0.120178E-01
0.118554E-01
0.116905E-01
0.115230E-01
0.113528E-01
0.111798E-01
0.110039E-01
0.108251E-01
0.106432E-01
0.104581E-01
0.102697E-01
0.100778E-01
0.988227E-02
0.968296E-02
0.947967E-02
0.927220E-02
0.906032E-02
0.884379E-02
0.862234E-02
0.839567E-02
0.816345E-02
0.792531E-02
0.768084E-02
0.742958E-02
0.717103E-02
0.690460E-02
0.662966E-02
0.634550E-02
0.605129E-02
0.574615E-02
0.542910E-02
0.509908E-02
0.475499E-02
0.439578E-02
0.402065E-02
0.362930E-02
0.322251E-02
0.280281E-02
0.237492E-02
0.194400E-02
0.184581E-01
0.183913E-01
0.183240E-01
0.182554E-01
0.181856E-01
0.181146E-01
0.180423E-01
0.179689E-01
0.178942E-01
0.178183E-01
0.177411E-01
0.176627E-01
0.175831E-01
0.175022E-01
0.174200E-01
0.173366E-01
0.172519E-01
0.171659E-01
0.170785E-01
0.169899E-01
0.168998E-01
0.168085E-01
0.167157E-01
0.166215E-01
0.165260E-01
0.164290E-01
0.163305E-01
0.162306E-01
0.161292E-01
0.160263E-01
0.159218E-01
0.158159E-01
0.157083E-01
0.155992E-01
0.154885E-01
0.153761E-01
0.152621E-01
0.151464E-01
0.150291E-01
0.149100E-01
0.147892E-01
0.146667E-01
0.145424E-01
0.144162E-01
0.142883E-01
0.141585E-01
0.140268E-01
0.138933E-01
0.137577E-01
0.136203E-01
0.134808E-01
0.133393E-01
0.131957E-01
0.130500E-01
0.129022E-01
0.127522E-01
0.126000E-01
0.124454E-01
0.122886E-01
0.121293E-01
0.119676E-01
0.118033E-01
0.116365E-01
0.114669E-01
0.112947E-01
0.111195E-01
0.109415E-01
0.107603E-01
0.105761E-01
0.103885E-01
0.101975E-01
0.100029E-01
0.980460E-02
0.960237E-02
0.939602E-02
0.918535E-02
0.897012E-02
0.875006E-02
0.852489E-02
0.829428E-02
0.805787E-02
0.781526E-02
0.756601E-02
0.730960E-02
0.704546E-02
0.677294E-02
0.649129E-02
0.619966E-02
0.589707E-02
0.558238E-02
0.525429E-02
0.491131E-02
0.455172E-02
0.417363E-02
0.377506E-02
0.335414E-02
0.290970E-02
0.244230E-02
0.195582E-02
0.145800E-02
0.184518E-01
0.183850E-01
0.183176E-01
0.182489E-01
0.181790E-01
0.181079E-01
0.180355E-01
0.179619E-01
0.178871E-01
0.178110E-01
0.177337E-01
0.176551E-01
0.175752E-01
0.174941E-01
0.174117E-01
0.173280E-01
0.172430E-01
0.171567E-01
0.170691E-01
0.169801E-01
0.168897E-01
0.167980E-01
0.167048E-01
0.166102E-01
0.165143E-01
0.164168E-01
0.163179E-01
0.162175E-01
0.161155E-01
0.160121E-01
0.159071E-01
0.158005E-01
0.156924E-01
0.155826E-01
0.154712E-01
0.153581E-01
0.152434E-01
0.151270E-01
0.150088E-01
0.148890E-01
0.147673E-01
0.146439E-01
0.145187E-01
0.143916E-01
0.142627E-01
0.141319E-01
0.139991E-01
0.138645E-01
0.137278E-01
0.135892E-01
0.134485E-01
0.133057E-01
0.131608E-01
0.130138E-01
0.128646E-01
0.127132E-01
0.125594E-01
0.124034E-01
0.122449E-01
0.120840E-01
0.119206E-01
0.117546E-01
0.115860E-01
0.114146E-01
0.112404E-01
0.110633E-01
0.108831E-01
0.106999E-01
0.105134E-01
0.103235E-01
0.101302E-01
0.993313E-02
0.973226E-02
0.952737E-02
0.931827E-02
0.910472E-02
0.888648E-02
0.866327E-02
0.843479E-02
0.820071E-02
0.796063E-02
0.771415E-02
0.746076E-02
0.719993E-02
0.693104E-02
0.665336E-02
0.636608E-02
0.606822E-02
0.575867E-02
0.543608E-02
0.509888E-02
0.474515E-02
0.437260E-02
0.397844E-02
0.355932E-02
0.311132E-02
0.263017E-02
0.211220E-02
0.155685E-02
0.972000E-03
0.184468E-01
0.183799E-01
0.183124E-01
0.182437E-01
0.181737E-01
0.181024E-01
0.180300E-01
0.179562E-01
0.178812E-01
0.178050E-01
0.177275E-01
0.176487E-01
0.175687E-01
0.174873E-01
0.174047E-01
0.173208E-01
0.172355E-01
0.171489E-01
0.170610E-01
0.169717E-01
0.168810E-01
0.167889E-01
0.166954E-01
0.166004E-01
0.165040E-01
0.164062E-01
0.163068E-01
0.162059E-01
0.161035E-01
0.159995E-01
0.158940E-01
0.157868E-01
0.156781E-01
0.155677E-01
0.154557E-01
0.153419E-01
0.152265E-01
0.151094E-01
0.149905E-01
0.148698E-01
0.147474E-01
0.146231E-01
0.144970E-01
0.143690E-01
0.142391E-01
0.141073E-01
0.139736E-01
0.138379E-01
0.137001E-01
0.135604E-01
0.134185E-01
0.132745E-01
0.131284E-01
0.129801E-01
0.128296E-01
0.126768E-01
0.125216E-01
0.123641E-01
0.122042E-01
0.120417E-01
0.118767E-01
0.117091E-01
0.115387E-01
0.113656E-01
0.111896E-01
0.110106E-01
0.108285E-01
0.106433E-01
0.104548E-01
0.102628E-01
0.100672E-01
0.986795E-02
0.966476E-02
0.945746E-02
0.924586E-02
0.902973E-02
0.880880E-02
0.858280E-02
0.835142E-02
0.811431E-02
0.787107E-02
0.762125E-02
0.736437E-02
0.709984E-02
0.682701E-02
0.654512E-02
0.625330E-02
0.595050E-02
0.563550E-02
0.530681E-02
0.496265E-02
0.460080E-02
0.421846E-02
0.381208E-02
0.337700E-02
0.290705E-02
0.239397E-02
0.182684E-02
0.119294E-02
0.486000E-03
