1
1
1
1
1
1
1
1
1
1
1
1
1
1
1
1
1
1
1
1
1
1
1
1
1
1
1
1
1
1
1
1
1
1
1
1
1
1
1
1
1
1
1
1
1
1
1
1
1
1
1
1
1
1
1
1
1
1
1
1
1
1
1
1
1
1
1
1
1
1
1
1
1
1
1
1
1
1
1
1
1
1
1
1
1
1
1
1
1
1
1
1
1
1
1
1
1
1
1
1
1
1
1
1
1
1
1
1
1
1
1
1
1
1
1
1
1
1
1
1
1
1
1
1
1
1
1
1
1
1
1
1
1
1
1
1
1
1
1
1
1
1
1
1
1
1
1
1
1
1
1
1
1
1
1
1
1
1
1
1
1
1
1
1
1
1
1
1
1
1
1
1
1
1
1
1
1
1
1
1
1
1
1
1
1
1
1
1
1
1
1
1
1
1
1
1
1
1
1
1
1
1
1
1
1
1
1
1
1
1
1
1
1
1
1
1
1
1
1
1
1
1
1
1
1
1
1
1
1
1
1
1
1
1
1
1
1
1
1
1
1
1
1
1
1
1
1
1
1
1
1
1
1
1
1
1
1
1
1
1
1
1
1
1
1
1
1
1
1
1
1
1
1
1
1
1
1
1
1
1
1
1
1
1
1
1
1
1
1
1
1
1
1
1
1
1
1
1
1
1
1
1
1
1
1
1
1
1
1
1
1
1
1
1
1
1
1
1
1
1
1
1
1
1
1
1
1
1
1
1
1
1
1
1
1
1
1
1
1
1
1
1
1
1
1
1
1
1
1
1
1
1
1
1
1
1
1
1
1
1
1
1
1
1
1
1
1
1
1
1
1
1
1
1
1
1
1
1
1
1
1
1
1
1
1
1
1
1
1
1
1
1
1
1
1
1
1
1
1
1
1
1
1
1
1
1
1
1
1
1
1
1
1
1
1
1
1
1
1
1
1
1
1
1
1
1
1
1
1
1
1
1
1
1
1
1
1
1
1
1
1
1
1
1
1
1
1
1
1
1
1
1
1
1
1
1
1
1
1
1
1
1
1
1
1
1
1
1
1
1
1
1
1
1
1
1
1
1
1
1
1
1
1
1
1
1
1
1
1
1
1
1
1
1
1
1
1
1
1
1
1
1
1
1
1
1
1
1
1
1
1
1
1
1
1
1
1
1
1
1
1
1
1
1
1
1
1
1
1
1
1
1
1
1
1
1
1
1
1
1
1
1
1
1
1
1
1
1
1
1
1
1
1
1
1
1
1
1
1
1
1
1
1
1
1
1
1
1
1
1
1
1
1
1
1
1
1
1
1
1
1
1
1
1
1
1
1
1
1
1
1
1
1
1
1
1
1
1
1
1
1
1
1
1
1
1
1
1
1
1
1
1
1
1
1
1
1
1
1
1
1
1
1
1
1
1
1
1
1
1
1
1
1
1
1
1
1
1
1
1
1
1
1
1
1
1
1
1
1
1
1
1
1
1
1
1
1
1
1
1
1
1
1
1
1
1
1
1
1
1
1
1
1
1
1
1
1
1
1
1
1
1
1
1
1
1
1
1
1
1
1
1
1
1
1
1
1
1
1
1
1
1
1
1
1
1
1
1
1
1
1
1
1
1
1
1
1
1
1
1
1
1
1
1
1
1
1
1
1
1
1
1
1
1
1
1
1
1
1
1
1
1
1
1
1
1
1
1
1
1
1
1
1
1
1
1
1
1
1
1
1
1
1
1
1
1
1
1
1
1
1
1
1
1
1
1
1
1
1
1
1
1
1
1
1
1
1
1
1
1
1
1
1
1
1
1
1
1
1
1
1
1
1
1
1
1
1
1
1
1
1
1
1
1
1
1
1
1
1
1
1
1
1
1
1
1
1
1
1
1
1
1
1
1
1
1
1
1
1
1
1
1
1
1
1
1
1
1
1
1
1
1
1
1
1
1
1
1
1
1
1
1
1
1
1
1
1
1
1
1
1
1
1
1
1
1
1
1
1
1
1
1
1
1
1
1
1
1
1
1
1
1
1
1
1
1
1
1
1
1
1
1
1
1
1
1
1
1
1
1
1
1
1
1
1
1
1
1
1
1
1
1
1
1
1
1
1
1
1
1
1
1
1
1
1
1
1
1
1
1
1
1
1
1
1
1
1
1
1
1
1
1
1
1
1
1
1
1
1
1
1
1
1
1
1
1
1
1
1
1
1
1
1
1
1
1
1
1
1
1
1
1
1
1
1
1
1
1
1
1
1
1
1
1
1
1
1
1
1
1
1
1
1
1
1
1
1
1
1
1
1
1
1
1
1
1
1
1
1
1
1
1
1
1
1
1
1
1
1
1
1
1
1
1
1
1
1
1
1
1
1
1
1
1
1
1
1
1
1
1
1
1
1
1
1
1
1
1
1
1
1
1
1
1
1
1
1
1
1
1
1
1
1
1
1
1
1
1
1
1
1
1
1
1
1
1
1
1
1
1
1
1
1
1
1
1
1
1
1
1
1
1
1
1
1
1
1
1
1
1
1
1
1
1
1
1
1
1
1
1
1
1
1
1
1
1
1
1
1
1
1
1
1
1
1
1
1
1
1
1
1
1
1
1
1
1
1
1
1
1
1
1
1
1
1
1
1
1
1
1
1
1
1
1
1
1
1
1
1
1
1
1
1
1
1
1
1
1
1
1
1
1
1
1
1
1
1
1
1
0.99771308
1
1
1
1
1
1
1
1
1
1
1
1
1
1
1
1
1
1
1
0.99363425
1
1
1
1
1
1
1
1
1
1
1
1
1
1
1
1
1
1
1
0.98930035
1
1
1
1
1
1
1
1
1
1
1
1
1
1
1
1
1
1
1
0.98492251
1
1
1
1
1
1
1
1
1
1
1
1
1
1
1
1
1
1
1
0.98053927
1
1
1
1
1
1
1
1
1
1
1
1
1
1
1
1
1
1
1
0.9717839
1
1
1
1
1
1
1
1
1
1
1
1
1
1
1
1
1
1
1
0.96304465
1
1
1
1
1
1
1
1
1
1
1
1
1
1
1
1
1
1
1
0.95432204
1
1
1
1
1
1
1
1
1
1
1
1
1
1
1
1
1
1
1
0.9456238
1
1
1
1
1
1
1
1
1
1
1
1
1
1
1
1
1
1
1
0.9369512
1
1
1
1
1
1
1
1
1
1
1
1
1
1
1
1
1
1
1
0.9282972
1
1
1
1
1
1
1
1
1
1
1
1
1
1
1
1
1
1
1
0.91966149
1
1
1
1
1
1
1
1
1
1
1
1
1
1
1
1
1
1
1
0.91104443
1
1
1
1
1
1
1
1
1
1
1
1
1
1
1
1
1
1
1
0.90244653
1
1
1
1
1
1
1
1
1
1
1
1
1
1
1
1
1
1
1
0.89386846
1
1
1
1
1
1
1
1
1
1
1
1
1
1
1
1
1
1
1
0.88531104
1
1
1
1
1
1
1
1
1
1
1
1
1
1
1
1
1
1
1
0.87677522
1
1
1
1
1
1
1
1
1
1
1
1
1
1
1
1
1
1
1
0.86826212
1
1
1
1
1
1
1
1
1
1
1
1
1
1
1
1
1
1
1
0.85977305
1
1
1
1
1
1
1
1
1
1
1
1
1
1
1
1
1
1
1
0.85130944
1
1
1
1
1
1
1
1
1
1
1
1
1
1
1
1
1
1
1
0.84287295
1
1
1
1
1
1
1
1
1
1
1
1
1
1
1
1
1
1
1
0.83446536
1
1
1
1
1
1
1
1
1
1
1
1
1
1
1
1
1
1
1
0.82608866
1
1
1
1
1
1
1
1
1
1
1
1
1
1
1
1
1
1
1
0.817745
1
1
1
1
1
1
1
1
1
1
1
1
1
1
1
1
1
1
1
0.80943672
1
1
1
1
1
1
1
1
1
1
1
1
1
1
1
1
1
1
1
0.80116631
1
1
1
1
1
1
1
1
1
1
1
1
1
1
1
1
1
1
1
0.79293644
1
1
1
1
1
1
1
1
1
1
1
1
1
1
1
1
1
1
1
0.78474994
1
1
1
1
1
1
1
1
1
1
1
1
1
1
1
1
1
1
1
0.77660977
1
1
1
1
1
1
1
1
1
1
1
1
1
1
1
1
1
1
1
0.76851907
1
1
1
1
1
1
1
1
1
1
1
1
1
1
1
1
1
1
1
0.7604811
1
1
1
1
1
1
1
1
1
1
1
1
1
1
1
1
1
1
1
0.75249922
1
1
1
1
1
1
1
1
1
1
1
1
1
1
1
1
1
1
1
0.74457694
1
1
1
1
1
1
1
1
1
1
1
1
1
1
1
1
1
1
1
0.73671784
1
1
1
1
1
1
1
1
1
1
1
1
1
1
1
1
1
1
1
0.7289256
1
1
1
1
1
1
1
1
1
1
1
1
1
1
1
1
1
1
1
0.72120395
1
1
1
1
1
1
1
1
1
1
1
1
1
1
1
1
1
1
1
0.71355668
1
1
1
1
1
1
1
1
1
1
1
1
1
1
1
1
1
1
1
0.70598763
1
1
1
1
1
1
1
1
1
1
1
1
1
1
1
1
1
1
1
0.69850064
1
1
1
1
1
1
1
1
1
1
1
1
1
1
1
1
1
1
1
0.69109955
1
1
1
1
1
1
1
1
1
1
1
1
1
1
1
1
1
1
1
0.68378822
1
1
1
1
1
1
1
1
1
1
1
1
1
1
1
1
1
1
1
0.67657043
1
1
1
1
1
1
1
1
1
1
1
1
1
1
1
1
1
1
0.99752009
0.67135329
1
1
1
1
1
1
1
1
1
1
1
1
1
1
1
1
1
1
0.99276048
0.66825248
1
1
1
1
1
1
1
1
1
1
1
1
1
1
1
1
1
1
0.98627598
0.66688336
1
1
1
1
1
1
1
1
1
1
1
1
1
1
1
1
1
1
0.97834431
0.66697822
1
1
1
1
1
1
1
1
1
1
1
1
1
1
1
1
1
1
0.96916008
0.66834226
1
1
1
1
1
1
1
1
1
1
1
1
1
1
1
1
1
1
0.95887094
0.6708266
1
1
1
1
1
1
1
1
1
1
1
1
1
1
1
1
1
1
0.94760021
0.67431043
1
1
1
1
1
1
1
1
1
1
1
1
1
1
1
1
1
1
0.93546906
0.67868477
1
1
1
1
1
1
1
1
1
1
1
1
1
1
1
1
1
1
0.92141706
0.68498047
1
1
1
1
1
1
1
1
1
1
1
1
1
1
1
1
1
1
0.90677626
0.69188816
1
1
1
1
1
1
1
1
1
1
1
1
1
1
1
1
1
1
0.89306648
0.69791381
1
1
1
1
1
1
1
1
1
1
1
1
1
1
1
1
1
1
0.88064568
0.70270792
1
1
1
1
1
1
1
1
1
1
1
1
1
1
1
1
1
1
0.86921523
0.70656965
1
1
1
1
1
1
1
1
1
1
1
1
1
1
1
1
1
1
0.85936551
0.70891728
1
1
1
1
1
1
1
1
1
1
1
1
1
1
1
1
1
1
0.85149426
0.70935247
1
1
1
1
1
1
1
1
1
1
1
1
1
1
1
1
1
1
0.84572822
0.70798853
0.99956865
1
1
1
1
1
1
1
1
1
1
1
1
1
1
1
1
1
0.84195752
0.7053139
0.99804081
1
1
1
1
1
1
1
1
1
1
1
1
1
1
1
1
1
0.83988177
0.7016548
0.99537144
1
1
1
1
1
1
1
1
1
1
1
1
1
1
1
1
1
0.83912903
0.69744593
0.99143613
1
1
1
1
1
1
1
1
1
1
1
1
1
1
1
1
1
0.839349
0.69311486
0.98609217
1
1
1
1
1
1
1
1
1
1
1
1
1
1
1
1
1
0.84026162
0.68901596
0.97920782
1
1
1
1
1
1
1
1
1
1
1
1
1
1
1
1
1
0.84166882
0.68540728
0.97067941
1
1
1
1
1
1
1
1
1
1
1
1
1
1
1
1
1
0.84344535
0.68245405
0.96043922
1
1
1
1
1
1
1
1
1
1
1
1
1
1
1
1
1
0.84550458
0.68015506
0.94863034
1
1
1
1
1
1
1
1
1
1
1
1
1
1
1
1
1
0.84766203
0.67782334
0.93667654
1
1
1
1
1
1
1
1
1
1
1
1
1
1
1
1
1
0.84978277
0.67553098
0.92468142
1
1
1
1
1
1
1
1
1
1
1
1
1
1
1
1
1
0.85177207
0.67331133
0.91274721
1
1
1
1
1
1
1
1
1
1
1
1
1
1
1
1
1
0.85356632
0.67117148
0.90096872
1
1
1
1
1
1
1
1
1
1
1
1
1
1
1
1
1
0.85512529
0.66910238
0.88942922
1
1
1
1
1
1
1
1
1
1
1
1
1
1
1
1
1
0.85642607
0.66708607
0.87819827
1
1
1
1
1
1
1
1
1
1
1
1
1
1
1
1
1
0.85745848
0.66510067
0.86733108
1
1
1
1
1
1
1
1
1
1
1
1
1
1
1
1
1
0.85822164
0.66312338
0.85686913
1
1
1
1
1
1
1
1
1
1
1
1
1
1
1
1
1
0.85872134
0.66113236
0.84684139
1
1
1
1
1
1
1
1
1
1
1
1
1
1
1
1
1
0.85896808
0.65910762
0.83726593
1
1
1
1
1
1
1
1
1
1
1
1
1
1
1
1
1
0.8589756
0.65703149
0.82815173
1
1
1
1
1
1
1
1
1
1
1
1
1
1
1
1
1
0.85875959
0.65488879
0.81950027
1
1
1
1
1
1
1
1
1
1
1
1
1
1
1
1
1
0.85833682
0.65266681
0.81130716
1
1
1
1
1
1
1
1
1
1
1
1
1
1
1
1
1
0.85772432
0.65035528
0.80356346
1
1
1
1
1
1
1
1
1
1
1
1
1
1
1
1
1
0.85693879
0.64794623
0.79625681
1
1
1
1
1
1
1
1
1
1
1
1
1
1
1
1
1
0.8559961
0.6454339
0.78937244
1
1
1
1
1
1
1
1
1
1
1
1
1
1
1
1
1
0.85491092
0.64281466
0.78289389
1
1
1
1
1
1
1
1
1
1
1
1
1
1
1
1
1
0.85369646
0.64008688
0.77680364
1
1
1
1
1
1
1
1
1
1
1
1
1
1
1
1
1
0.85236428
0.63725081
0.77108366
1
1
1
1
1
1
1
1
1
1
1
1
1
1
1
1
1
0.8509242
0.63430847
0.76571569
1
1
1
1
1
1
1
1
1
1
1
1
1
1
1
1
1
0.84938425
0.63126348
0.7606816
1
1
1
1
1
1
1
1
1
1
1
1
1
1
1
1
1
0.84775073
0.62812094
0.75596358
1
1
1
1
1
1
1
1
1
1
1
1
1
1
1
1
1
0.8460283
0.62488723
0.75154428
1
1
1
1
1
1
1
1
1
1
1
1
1
1
1
1
1
0.84422004
0.62156981
0.74740694
1
1
1
1
1
1
1
1
1
1
1
1
1
1
1
1
1
0.8423277
0.61817709
0.74353546
1
1
1
1
1
1
1
1
1
1
1
1
1
1
1
1
1
0.84035179
0.61471818
0.73991441
1
1
1
1
1
1
1
1
1
1
1
1
1
1
1
1
0.99940051
0.83883173
0.61121557
0.73652511
1
1
1
1
1
1
1
1
1
1
1
1
1
1
1
1
0.99574502
0.83998822
0.60774732
0.73333108
1
1
1
1
1
1
1
1
1
1
1
1
1
1
1
1
0.99030175
0.84268291
0.60439928
0.73029358
1
1
1
1
1
1
1
1
1
1
1
1
1
1
1
1
0.98383766
0.84611919
0.60124122
0.72737979
1
1
1
1
1
1
1
1
1
1
1
1
1
1
1
1
0.97687393
0.84975396
0.59831823
0.72456582
1
1
1
1
1
1
1
1
1
1
1
1
1
1
1
1
0.96975094
0.85324009
0.59565144
0.72183677
1
1
1
1
1
1
1
1
1
1
1
1
1
1
1
1
0.96267306
0.85637874
0.59324293
0.71918524
1
1
1
1
1
1
1
1
1
1
1
1
1
1
1
1
0.95574656
0.85907758
0.59108152
0.71660947
1
1
1
1
1
1
1
1
1
1
1
1
1
1
1
1
0.9490127
0.86131566
0.58914799
0.71411137
1
1
1
1
1
1
1
1
1
1
1
1
1
1
1
1
0.94247917
0.86311333
0.58741916
0.71169499
1
1
1
1
1
1
1
1
1
1
1
1
1
1
1
1
0.93613163
0.86449885
0.58587096
0.70936534
1
1
1
1
1
1
1
1
1
1
1
1
1
1
1
1
0.92997117
0.86549166
0.58448027
0.70712764
1
1
1
1
1
1
1
1
1
1
1
1
1
1
1
1
0.92401486
0.86609432
0.5832257
0.70498693
1
1
1
1
1
1
1
1
1
1
1
1
1
1
1
1
0.91829529
0.86629251
0.58208777
0.70294786
1
1
1
1
1
1
1
1
1
1
1
1
1
1
1
1
0.91285514
0.86606046
0.5810486
0.7010147
1
1
1
1
1
1
1
1
1
1
1
1
1
1
1
1
0.90773863
0.86536985
0.58009139
0.69919136
1
1
1
1
1
1
1
1
1
1
1
1
1
1
1
1
0.90298201
0.86419949
0.57919991
0.69748149
1
1
1
1
1
1
1
1
1
1
1
1
1
1
1
1
0.89860575
0.86254364
0.57835792
0.69588855
1
1
1
1
1
1
1
1
1
1
1
1
1
1
1
1
0.89460987
0.86041685
0.57754883
0.69441585
1
1
1
1
1
1
1
1
1
1
1
1
1
1
1
1
0.89097377
0.85785451
0.57675549
0.69306648
1
1
1
1
1
1
1
1
1
1
1
1
1
1
1
1
0.88765987
0.85490928
0.57596024
0.69184329
1
1
1
1
1
1
1
1
1
1
1
1
1
1
1
1
0.88461993
0.85164479
0.57514518
0.69074871
1
1
1
1
1
1
1
1
1
1
1
1
1
1
1
1
0.8818023
0.8481282
0.5742926
0.6897846
1
1
1
1
1
1
1
1
1
1
1
1
1
1
1
1
0.8791585
0.84442327
0.57338559
0.68895207
1
1
1
1
1
1
1
1
1
1
1
1
1
1
1
1
0.87664803
0.84058503
0.57240867
0.68825134
1
1
1
1
1
1
1
1
1
1
1
1
1
1
1
1
0.87424091
0.83665667
0.57134846
0.6876816
1
1
1
1
1
1
1
1
1
1
1
1
1
1
1
1
0.87191825
0.83266853
0.57019418
0.68724097
1
1
1
1
1
1
1
1
1
1
1
1
1
1
1
1
0.86967096
0.82863885
0.56893806
0.68692643
1
1
1
1
1
1
1
1
1
1
1
1
1
1
1
1
0.86749764
0.82457575
0.5675755
0.68673389
1
1
1
1
1
1
1
1
1
1
1
1
1
1
1
1
0.86540193
0.82047969
0.56610505
0.68665825
1
1
1
1
1
1
1
1
1
1
1
1
1
1
1
1
0.86339011
0.81634603
0.56452829
0.68669339
1
1
1
1
1
1
1
1
1
1
1
1
1
1
1
1
0.86146914
0.81216719
0.56284947
0.68683234
1
1
1
1
1
1
1
1
1
1
1
1
1
1
1
1
0.85964528
0.80793436
0.5610752
0.68706728
1
1
1
1
1
1
1
1
1
1
1
1
1
1
1
1
0.8579235
0.8036385
0.55921405
0.68738961
1
1
1
1
1
1
1
1
1
1
1
1
1
1
1
1
0.85630716
0.79927098
0.55727615
0.68778997
1
1
1
1
1
1
1
1
1
1
1
1
1
1
1
1
0.85479825
0.79482381
0.55527277
0.68825835
1
1
1
1
1
1
1
1
1
1
1
1
1
1
1
1
0.85339766
0.79028967
0.55321603
0.68878405
1
1
1
1
1
1
1
1
1
1
1
1
1
1
1
1
0.85210551
0.78566193
0.55111851
0.6893558
1
1
1
1
1
1
1
1
1
1
1
1
1
1
1
1
0.85092146
0.78093461
0.54899296
0.6899618
1
1
1
1
1
1
1
1
1
1
1
1
1
1
1
1
0.84984486
0.77610245
0.54685207
0.69058983
1
1
1
1
1
1
1
1
1
1
1
1
1
1
1
1
0.84887478
0.77116102
0.54470819
0.69122735
1
1
1
1
1
1
1
1
1
1
1
1
1
1
1
1
0.84800999
0.76610694
0.54257314
0.69186164
1
1
1
1
1
1
1
1
1
1
1
1
1
1
1
1
0.84724877
0.76093803
0.54045808
0.69248
1
1
1
1
1
1
1
1
1
1
1
1
1
1
1
1
0.8465887
0.75565358
0.53837335
0.69306992
1
1
1
1
1
1
1
1
1
1
1
1
1
1
1
1
0.84602641
0.7502545
0.5363284
0.6936193
1
1
1
1
1
1
1
1
1
1
1
1
1
1
1
1
0.84555736
0.74474355
0.5343317
0.69411672
1
1
1
1
1
1
1
1
1
1
1
1
1
1
1
1
0.84517553
0.73912539
0.53239075
0.69455166
1
1
1
1
1
1
1
1
1
1
1
1
1
1
1
1
0.84487332
0.73340665
0.53051202
0.69491475
1
1
1
1
1
1
1
1
1
1
1
1
1
1
1
1
0.84464133
0.72759595
0.52870096
0.69519806
1
1
1
1
1
1
1
1
1
1
1
1
1
1
1
1
0.8444684
0.72170372
0.526962
0.69539527
1
1
1
1
1
1
1
1
1
1
1
1
1
1
1
1
0.84434162
0.71574207
0.5252986
0.69550187
1
1
1
1
1
1
1
1
1
1
1
1
1
1
1
1
0.84424648
0.70972456
0.52371321
0.69551528
1
1
1
1
1
1
1
1
1
1
1
1
1
1
1
0.99880056
0.84517328
0.70377385
0.52220199
0.69543357
1
1
1
1
1
1
1
1
1
1
1
1
1
1
1
0.9946012
0.84855653
0.69817367
0.52075125
0.69525302
1
1
1
1
1
1
1
1
1
1
1
1
1
1
1
0.98877242
0.85301622
0.69310415
0.51935238
0.69496926
1
1
1
1
1
1
1
1
1
1
1
1
1
1
1
0.98213456
0.85767863
0.68863804
0.51800509
0.69457949
1
1
1
1
1
1
1
1
1
1
1
1
1
1
1
0.97520442
0.8620356
0.68476919
0.51671484
0.69408431
1
1
1
1
1
1
1
1
1
1
1
1
1
1
1
0.96828157
0.8658347
0.6814452
0.51548889
0.69348844
1
1
1
1
1
1
1
1
1
1
1
1
1
1
1
0.96151594
0.86899054
0.67859289
0.5143333
0.69280058
1
1
1
1
1
1
1
1
1
1
1
1
1
1
1
0.95496243
0.87151691
0.67613454
0.51325137
0.69203249
1
1
1
1
1
1
1
1
1
1
1
1
1
1
1
0.94862297
0.87347911
0.6739968
0.51224328
0.69119797
1
1
1
1
1
1
1
1
1
1
1
1
1
1
1
0.94247805
0.87496002
0.67211489
0.5113066
0.69031171
1
1
1
1
1
1
1
1
1
1
1
1
1
1
1
0.93650146
0.87603067
0.67043412
0.51043708
0.68938844
1
1
1
1
1
1
1
1
1
1
1
1
1
1
1
0.93068812
0.87673899
0.66890923
0.50962943
0.68844221
1
1
1
1
1
1
1
1
1
1
1
1
1
1
1
0.92505257
0.87710712
0.66750269
0.50887812
0.68748599
1
1
1
1
1
1
1
1
1
1
1
1
1
1
1
0.91962649
0.87713512
0.66618265
0.50817786
0.68653144
1
1
1
1
1
1
1
1
1
1
1
1
1
1
1
0.91445252
0.87680881
0.66492083
0.50752394
0.68558885
1
1
1
1
1
1
1
1
1
1
1
1
1
1
1
0.90957588
0.87610965
0.66369068
0.50691248
0.68466718
1
1
1
1
1
1
1
1
1
1
1
1
1
1
1
0.90503564
0.87502457
0.66246591
0.50634039
0.68377416
1
1
1
1
1
1
1
1
1
1
1
1
1
1
1
0.90085747
0.87355409
0.66121958
0.50580538
0.68291642
1
1
1
1
1
1
1
1
1
1
1
1
1
1
1
0.89704929
0.87171692
0.65992372
0.50530583
0.68209962
1
1
1
1
1
1
1
1
1
1
1
1
1
1
1
0.8936006
0.86955052
0.65854962
0.50484063
0.68132858
1
1
1
1
1
1
1
1
1
1
1
1
1
1
1
0.89048514
0.86710785
0.65706862
0.504409
0.68060736
1
1
1
1
1
1
1
1
1
1
1
1
1
1
1
0.88766588
0.86445141
0.65545331
0.50401032
0.67993931
1
1
1
1
1
1
1
1
1
1
1
1
1
1
1
0.88510087
0.86164627
0.65367892
0.503644
0.67932713
1
1
1
1
1
1
1
1
1
1
1
1
1
1
1
0.88274856
0.85875351
0.65172473
0.50330933
0.67877289
1
1
1
1
1
1
1
1
1
1
1
1
1
1
1
0.88057183
0.85582515
0.64957521
0.5030054
0.67827798
1
1
1
1
1
1
1
1
1
1
1
1
1
1
1
0.87854019
0.85290128
0.64722079
0.50273113
0.67784317
1
1
1
1
1
1
1
1
1
1
1
1
1
1
1
0.87663035
0.85000913
0.64465813
0.50248525
0.67746861
1
1
1
1
1
1
1
1
1
1
1
1
1
1
1
0.87482551
0.84716388
0.64188994
0.50226635
0.67715384
1
1
1
1
1
1
1
1
1
1
1
1
1
1
1
0.8731139
0.84437062
0.63892433
0.50207299
0.67689784
1
1
1
1
1
1
1
1
1
1
1
1
1
1
1
0.87148713
0.84162672
0.63577402
0.50190374
0.6766991
1
1
1
1
1
1
1
1
1
1
1
1
1
1
1
0.86993863
0.83892431
0.63245529
0.50175724
0.6765557
1
1
1
1
1
1
1
1
1
1
1
1
1
1
1
0.86846248
0.83625235
0.62898695
0.50163223
0.67646535
1
1
1
1
1
1
1
1
1
1
1
1
1
1
1
0.86705271
0.83359821
0.62538945
0.50152763
0.67642552
1
1
1
1
1
1
1
1
1
1
1
1
1
1
1
0.865703
0.8309488
0.62168403
0.50144246
0.6764335
1
1
1
1
1
1
1
1
1
1
1
1
1
1
1
0.86440672
0.82829113
0.61789205
0.50137588
0.67648646
1
1
1
1
1
1
1
1
1
1
1
1
1
1
1
0.86315715
0.82561269
0.61403444
0.50132715
0.67658151
1
1
1
1
1
1
1
1
1
1
1
1
1
1
1
0.86194782
0.82290153
0.61013132
0.50129561
0.67671576
1
1
1
1
1
1
1
1
1
1
1
1
1
1
1
0.86077282
0.82014622
0.60620168
0.50128065
0.67688636
1
1
1
1
1
1
1
1
1
1
1
1
1
1
1
0.85962706
0.81733586
0.60226319
0.50128166
0.67709051
1
1
1
1
1
1
1
1
1
1
1
1
1
1
1
0.85850647
0.81446001
0.59833205
0.50129803
0.67732551
1
1
1
1
1
1
1
1
1
1
1
1
1
1
1
0.85740812
0.81150868
0.59442295
0.50132911
0.67758871
1
1
1
1
1
1
1
1
1
1
1
1
1
1
1
0.85633023
0.80847235
0.59054905
0.50137421
0.67787756
1
1
1
1
1
1
1
1
1
1
1
1
1
1
1
0.85527216
0.80534196
0.58672199
0.50143255
0.67818958
1
1
1
1
1
1
1
1
1
1
1
1
1
1
1
0.85423438
0.80210893
0.58295195
0.50150325
0.67852234
1
1
1
1
1
1
1
1
1
1
1
1
1
1
1
0.85321835
0.79876525
0.57924773
0.50158532
0.67887346
1
1
1
1
1
1
1
1
1
1
1
1
1
1
1
0.85222647
0.79530343
0.57561684
0.50167766
0.67924054
1
1
1
1
1
1
1
1
1
1
1
1
1
1
1
0.85126193
0.79171658
0.57206561
0.50177904
0.67962116
1
1
1
1
1
1
1
1
1
1
1
1
1
1
1
0.85032862
0.78799843
0.56859925
0.50188806
0.68001285
1
1
1
1
1
1
1
1
1
1
1
1
1
1
1
0.84943101
0.78414337
0.56522204
0.50200322
0.68041304
1
1
1
1
1
1
1
1
1
1
1
1
1
1
1
0.84857402
0.78014647
0.56193733
0.50212286
0.68081904
1
1
1
1
1
1
1
1
1
1
1
1
1
1
1
0.84776284
0.77600356
0.55874773
0.50224519
0.681228
1
1
1
1
1
1
1
1
1
1
1
1
1
1
1
0.84700278
0.7717113
0.55565516
0.50236832
0.68163688
1
1
1
1
1
1
1
1
1
1
1
1
1
1
1
0.84629906
0.76726725
0.55266093
0.50249026
0.68204246
1
1
1
1
1
1
1
1
1
1
1
1
1
1
1
0.84565663
0.76266999
0.54976586
0.50260894
0.6824413
1
1
1
1
1
1
1
1
1
1
1
1
1
1
1
0.84507987
0.75791923
0.54697035
0.50272228
0.68282975
1
1
1
1
1
1
1
1
1
1
1
1
1
1
0.99678957
0.84709329
0.75349787
0.54425964
0.50282317
0.68320252
1
1
1
1
1
1
1
1
1
1
1
1
1
1
0.99098852
0.85082372
0.74981832
0.5416208
0.50290114
0.68355172
1
1
1
1
1
1
1
1
1
1
1
1
1
1
0.98371537
0.85504159
0.74706872
0.53905237
0.50294689
0.68386727
1
1
1
1
1
1
1
1
1
1
1
1
1
1
0.97566594
0.8590564
0.74526025
0.5365631
0.50295537
0.68413829
1
1
1
1
1
1
1
1
1
1
1
1
1
1
0.96726991
0.86253956
0.7442933
0.5341668
0.50292649
0.68435473
1
1
1
1
1
1
1
1
1
1
1
1
1
1
0.95877634
0.86539038
0.74401277
0.53187768
0.50286408
0.68450859
1
1
1
1
1
1
1
1
1
1
1
1
1
1
0.95031861
0.86763801
0.74424624
0.52970725
0.5027743
0.68459473
1
1
1
1
1
1
1
1
1
1
1
1
1
1
0.94197311
0.86937135
0.74482796
0.527663
0.50266398
0.68461102
1
1
1
1
1
1
1
1
1
1
1
1
1
1
0.93378947
0.87067074
0.74561315
0.52574834
0.50253954
0.6845582
1
1
1
1
1
1
1
1
1
1
1
1
1
1
0.92584465
0.87157456
0.74648228
0.52396329
0.50240638
0.68443942
1
1
1
1
1
1
1
1
1
1
1
1
1
1
0.91824482
0.87207364
0.74733763
0.52230537
0.50226872
0.68425974
1
1
1
1
1
1
1
1
1
1
1
1
1
1
0.91111557
0.87212696
0.74809586
0.52077046
0.50212969
0.6840256
1
1
1
1
1
1
1
1
1
1
1
1
1
1
0.90458151
0.87168926
0.74867975
0.51935354
0.50199157
0.68374437
1
1
1
1
1
1
1
1
1
1
1
1
1
1
0.8987427
0.87073991
0.74901193
0.51804912
0.50185606
0.68342396
1
1
1
1
1
1
1
1
1
1
1
1
1
1
0.89365637
0.86930302
0.74901249
0.5168515
0.5017245
0.68307257
1
1
1
1
1
1
1
1
1
1
1
1
1
1
0.8893296
0.86745223
0.74860128
0.51575483
0.50159802
0.68269842
1
1
1
1
1
1
1
1
1
1
1
1
1
1
0.88572391
0.86530001
0.74770424
0.51475304
0.50147762
0.68230959
1
1
1
1
1
1
1
1
1
1
1
1
1
1
0.88276808
0.86297696
0.74626167
0.51383975
0.50136416
0.68191384
1
1
1
1
1
1
1
1
1
1
1
1
1
1
0.88037356
0.86060914
0.74423596
0.51300815
0.50125833
0.68151848
1
1
1
1
1
1
1
1
1
1
1
1
1
1
0.87844783
0.85830036
0.74161633
0.51225099
0.50116054
0.68113019
1
1
1
1
1
1
1
1
1
1
1
1
1
1
0.87690343
0.85612288
0.73841945
0.51156063
0.50107091
0.68075492
1
1
1
1
1
1
1
1
1
1
1
1
1
1
0.87566264
0.85411634
0.73468589
0.51092917
0.50098919
0.68039774
1
1
1
1
1
1
1
1
1
1
1
1
1
1
0.87465891
0.85229262
0.73047385
0.51034865
0.50091475
0.68006277
1
1
1
1
1
1
1
1
1
1
1
1
1
1
0.87383651
0.85064351
0.72585175
0.50981137
0.50084668
0.67975306
1
1
1
1
1
1
1
1
1
1
1
1
1
1
0.87314942
0.84914838
0.72089127
0.50931013
0.50078382
0.67947064
1
1
1
1
1
1
1
1
1
1
1
1
1
1
0.8725601
0.84778066
0.71566186
0.50883845
0.50072491
0.67921652
1
1
1
1
1
1
1
1
1
1
1
1
1
1
0.8720384
0.84651226
0.71022704
0.5083908
0.50066873
0.67899077
1
1
1
1
1
1
1
1
1
1
1
1
1
1
0.87156051
0.84531621
0.70464243
0.5079627
0.50061416
0.67879268
1
1
1
1
1
1
1
1
1
1
1
1
1
1
0.87110798
0.84416789
0.69895522
0.50755076
0.50056035
0.67862086
1
1
1
1
1
1
1
1
1
1
1
1
1
1
0.87066683
0.84304548
0.69320451
0.50715262
0.50050673
0.67847347
1
1
1
1
1
1
1
1
1
1
1
1
1
1
0.8702266
0.8419298
0.68742225
0.5067669
0.50045305
0.67834837
1
1
1
1
1
1
1
1
1
1
1
1
1
1
0.86977951
0.84080404
0.68163438
0.50639301
0.50039937
0.67824328
1
1
1
1
1
1
1
1
1
1
1
1
1
1
0.86931969
0.83965348
0.67586198
0.50603104
0.50034605
0.67815592
1
1
1
1
1
1
1
1
1
1
1
1
1
1
0.86884258
0.83846511
0.67012233
0.50568156
0.50029363
0.67808415
1
1
1
1
1
1
1
1
1
1
1
1
1
1
0.86834444
0.83722746
0.66442974
0.50534549
0.50024286
0.67802605
1
1
1
1
1
1
1
1
1
1
1
1
1
1
0.86782209
0.83593033
0.65879626
0.50502393
0.50019455
0.67797996
1
1
1
1
1
1
1
1
1
1
1
1
1
1
0.86727267
0.83456467
0.65323218
0.50471808
0.50014956
0.67794454
1
1
1
1
1
1
1
1
1
1
1
1
1
1
0.86669364
0.83312238
0.64774637
0.50442912
0.50010873
0.67791878
1
1
1
1
1
1
1
1
1
1
1
1
1
1
0.86608277
0.8315962
0.64234652
0.50415814
0.50007286
0.67790194
1
1
1
1
1
1
1
1
1
1
1
1
1
1
0.8654382
0.8299796
0.6370393
0.50390611
0.50004268
0.67789359
1
1
1
1
1
1
1
1
1
1
1
1
1
1
0.8647585
0.82826661
0.63183049
0.50367384
0.50001879
0.67789356
1
1
1
1
1
1
1
1
1
1
1
1
1
1
0.86404279
0.82645179
0.62672501
0.50346198
0.50000172
0.67790188
1
1
1
1
1
1
1
1
1
1
1
1
1
1
0.86329076
0.82453009
0.62172703
0.50327098
0.4999919
0.67791873
1
1
1
1
1
1
1
1
1
1
1
1
1
1
0.86250274
0.8224968
0.61683995
0.50310114
0.49998964
0.67794445
1
1
1
1
1
1
1
1
1
1
1
1
1
1
0.86167972
0.8203475
0.6120665
0.50295257
0.49999516
0.67797946
1
1
1
1
1
1
1
1
1
1
1
1
1
1
0.86082334
0.81807799
0.6074088
0.50282524
0.50000861
0.67802423
1
1
1
1
1
1
1
1
1
1
1
1
1
1
0.85993589
0.81568427
0.60286835
0.50271895
0.50003004
0.67807924
1
1
1
1
1
1
1
1
1
1
1
1
1
1
0.85902031
0.81316248
0.59844615
0.50263337
0.50005943
0.67814496
1
1
1
1
1
1
1
1
1
1
1
1
1
1
0.8580801
0.81050894
0.59414275
0.50256803
0.5000967
0.67822183
1
1
1
1
1
1
1
1
1
1
1
1
1
1
0.85711935
0.80772007
0.58995825
0.50252231
0.50014168
0.67831021
1
1
1
1
1
1
1
1
1
1
1
1
1
1
0.85614268
0.8047924
0.58589245
0.50249547
0.50019414
0.67841039
1
1
1
1
1
1
1
1
1
1
1
1
1
1
0.8551552
0.80172259
0.58194483
0.50248662
0.50025377
0.67852252
1
1
1
1
1
1
1
1
1
1
1
1
1
1
0.85416248
0.79850742
0.57811461
0.50249472
0.5003202
0.67864665
1
1
1
1
1
1
1
1
1
1
1
1
1
1
0.85317049
0.79514381
0.57440083
0.50251862
0.50039295
0.67878265
1
1
1
1
1
1
1
1
1
1
1
1
1
1
0.85218559
0.79162886
0.57080236
0.50255697
0.50047148
0.67893026
1
1
1
1
1
1
1
1
1
1
1
1
1
0.99958772
0.85152346
0.78803946
0.56731616
0.50260762
0.50055486
0.67908891
1
1
1
1
1
1
1
1
1
1
1
1
1
0.9956228
0.85349642
0.78504098
0.56392608
0.50266241
0.50063957
0.67925705
1
1
1
1
1
1
1
1
1
1
1
1
1
0.98956411
0.85646856
0.78299708
0.56062688
0.5027095
0.50071964
0.67943141
1
1
1
1
1
1
1
1
1
1
1
1
1
0.98224302
0.85953798
0.78200853
0.55742761
0.50273724
0.5007883
0.67960687
1
1
1
1
1
1
1
1
1
1
1
1
1
0.9741818
0.86227382
0.78199717
0.55434598
0.50273685
0.50083984
0.67977688
1
1
1
1
1
1
1
1
1
1
1
1
1
0.96570592
0.86453185
0.7827851
0.55140139
0.50270358
0.50087075
0.6799342
1
1
1
1
1
1
1
1
1
1
1
1
1
0.95701823
0.86632595
0.78415395
0.54860979
0.50263659
0.50087996
0.68007178
1
1
1
1
1
1
1
1
1
1
1
1
1
0.94824995
0.86774272
0.78588448
0.54598115
0.50253808
0.50086858
0.68018343
1
1
1
1
1
1
1
1
1
1
1
1
1
0.93950195
0.86887852
0.78778236
0.54351911
0.50241223
0.50083913
0.68026433
1
1
1
1
1
1
1
1
1
1
1
1
1
0.93087526
0.86978151
0.78969246
0.541222
0.50226421
0.50079495
0.68031128
1
1
1
1
1
1
1
1
1
1
1
1
1
0.92250658
0.87043373
0.79149821
0.53908433
0.50209951
0.50073951
0.68032269
1
1
1
1
1
1
1
1
1
1
1
1
1
0.91456023
0.8707638
0.79311056
0.53709847
0.50192345
0.5006761
0.6802985
1
1
1
1
1
1
1
1
1
1
1
1
1
0.90720837
0.87068046
0.79445309
0.53525585
0.501741
0.50060765
0.68024001
1
1
1
1
1
1
1
1
1
1
1
1
1
0.90060234
0.87011287
0.79544926
0.53354775
0.50155677
0.50053665
0.68014958
1
1
1
1
1
1
1
1
1
1
1
1
1
0.89484566
0.86904296
0.79601632
0.53196568
0.50137506
0.50046528
0.68003053
1
1
1
1
1
1
1
1
1
1
1
1
1
0.88997828
0.86751831
0.79606781
0.53050133
0.50119989
0.50039549
0.67988687
1
1
1
1
1
1
1
1
1
1
1
1
1
0.8859765
0.86564273
0.79552319
0.52914642
0.50103505
0.50032905
0.67972319
1
1
1
1
1
1
1
1
1
1
1
1
1
0.88276571
0.86355077
0.79432108
0.52789241
0.50088402
0.50026758
0.67954446
1
1
1
1
1
1
1
1
1
1
1
1
1
0.88023941
0.8613778
0.79243093
0.52673032
0.5007499
0.50021259
0.67935594
1
1
1
1
1
1
1
1
1
1
1
1
1
0.87827756
0.85923607
0.78985926
0.52565065
0.50063525
0.50016534
0.67916297
1
1
1
1
1
1
1
1
1
1
1
1
1
0.8767607
0.8572024
0.78664857
0.52464345
0.50054195
0.50012682
0.67897082
1
1
1
1
1
1
1
1
1
1
1
1
1
0.87557895
0.85531704
0.78286986
0.52369852
0.50047104
0.50009765
0.67878452
1
1
1
1
1
1
1
1
1
1
1
1
1
0.87463675
0.85359042
0.77861154
0.52280577
0.50042267
0.50007799
0.67860868
1
1
1
1
1
1
1
1
1
1
1
1
1
0.87385491
0.8520128
0.77396758
0.52195553
0.50039607
0.50006756
0.67844728
1
1
1
1
1
1
1
1
1
1
1
1
1
0.87317095
0.85056381
0.76902756
0.52113896
0.50038963
0.50006563
0.67830361
1
1
1
1
1
1
1
1
1
1
1
1
1
0.87253836
0.8492196
0.7638697
0.52034835
0.50040103
0.5000711
0.6781801
1
1
1
1
1
1
1
1
1
1
1
1
1
0.87192524
0.84795745
0.75855718
0.51957734
0.50042743
0.50008262
0.67807833
1
1
1
1
1
1
1
1
1
1
1
1
1
0.87131238
0.84675807
0.75313729
0.51882099
0.50046565
0.50009865
0.67799896
1
1
1
1
1
1
1
1
1
1
1
1
1
0.87069092
0.84560622
0.74764249
0.51807584
0.50051244
0.50011765
0.67794184
1
1
1
1
1
1
1
1
1
1
1
1
1
0.87005989
0.84449052
0.74209279
0.51733974
0.50056462
0.50013815
0.67790609
1
1
1
1
1
1
1
1
1
1
1
1
1
0.86942374
0.84340269
0.73649873
0.51661171
0.50061925
0.50015882
0.67789015
1
1
1
1
1
1
1
1
1
1
1
1
1
0.86879001
0.84233676
0.73086424
0.51589174
0.5006737
0.50017856
0.677892
1
1
1
1
1
1
1
1
1
1
1
1
1
0.86816742
0.8412882
0.72518948
0.51518055
0.50072578
0.5001965
0.67790925
1
1
1
1
1
1
1
1
1
1
1
1
1
0.86756432
0.84025327
0.71947304
0.51447939
0.5007737
0.50021201
0.67793927
1
1
1
1
1
1
1
1
1
1
1
1
1
0.86698756
0.8392284
0.71371375
0.51378986
0.5008161
0.50022468
0.67797933
1
1
1
1
1
1
1
1
1
1
1
1
1
0.86644182
0.83820974
0.70791186
0.51311376
0.50085206
0.50023431
0.67802672
1
1
1
1
1
1
1
1
1
1
1
1
1
0.86592937
0.8371928
0.70206985
0.51245298
0.500881
0.50024087
0.67807881
1
1
1
1
1
1
1
1
1
1
1
1
1
0.86544998
0.83617229
0.69619274
0.51180942
0.50090272
0.50024446
0.67813317
1
1
1
1
1
1
1
1
1
1
1
1
1
0.86500119
0.83514195
0.6902881
0.5111849
0.50091731
0.5002453
0.67818759
1
1
1
1
1
1
1
1
1
1
1
1
1
0.86457863
0.8340946
0.6843658
0.51058115
0.50092513
0.50024369
0.67824015
1
1
1
1
1
1
1
1
1
1
1
1
1
0.86417646
0.83302219
0.6784376
0.50999976
0.50092676
0.50024001
0.67828923
1
1
1
1
1
1
1
1
1
1
1
1
1
0.86378777
0.83191597
0.67251667
0.50944216
0.50092297
0.50023468
0.67833357
1
1
1
1
1
1
1
1
1
1
1
1
1
0.86340509
0.83076668
0.66661708
0.5089096
0.50091469
0.50022816
0.67837221
1
1
1
1
1
1
1
1
1
1
1
1
1
0.86302071
0.82956476
0.66075318
0.50840316
0.50090294
0.50022093
0.67840454
1
1
1
1
1
1
1
1
1
1
1
1
1
0.86262708
0.82830055
0.65493927
0.5079237
0.50088883
0.50021347
0.67843029
1
1
1
1
1
1
1
1
1
1
1
1
1
0.86221711
0.82696453
0.64918905
0.50747191
0.5008735
0.50020628
0.67844945
1
1
1
1
1
1
1
1
1
1
1
1
1
0.86178434
0.82554739
0.6435154
0.50704827
0.50085809
0.50019983
0.67846232
1
1
1
1
1
1
1
1
1
1
1
1
1
0.86132321
0.82404026
0.6379301
0.50665308
0.50084372
0.50019457
0.67846944
1
1
1
1
1
1
1
1
1
1
1
1
1
0.86082909
0.82243475
0.63244363
0.50628645
0.50083147
0.50019092
0.67847152
1
1
1
1
1
1
1
1
1
1
1
1
1
0.86029845
0.820723
0.62706515
0.50594832
0.50082233
0.50018928
0.67846949
1
1
1
1
1
1
1
1
1
1
1
1
1
0.85972882
0.81889774
0.62180241
0.5056385
0.50081722
0.50019
0.67846438
1
1
1
1
1
1
1
1
1
1
1
1
1
0.85911886
0.81695225
0.6166618
0.50535663
0.50081695
0.50019338
0.67845733
1
1
1
1
1
1
1
1
1
1
1
1
1
0.85846828
0.81488037
0.61164841
0.50510223
0.50082223
0.5001997
0.67844951
1
1
1
1
1
1
1
1
1
1
1
1
1
0.85777783
0.81267645
0.6067661
0.50487469
0.50083365
0.50020917
0.67844215
1
1
1
1
1
1
1
1
1
1
1
1
1
0.85704923
0.81033531
0.60201764
0.5046733
0.50085169
0.50022199
0.67843644
1
1
1
1
1
1
1
1
1
1
1
1
0.99796441
0.85777723
0.8082914
0.5973984
0.50449386
0.50087547
0.50023775
0.67843339
1
1
1
1
1
1
1
1
1
1
1
1
0.99344506
0.85995155
0.80702537
0.59290891
0.50432764
0.50090176
0.50025485
0.67843344
1
1
1
1
1
1
1
1
1
1
1
1
0.98743448
0.86247857
0.80670257
0.58856542
0.50416426
0.5009255
0.50027048
0.67843613
1
1
1
1
1
1
1
1
1
1
1
1
0.98051784
0.86483447
0.80726884
0.58439427
0.50399464
0.500941
0.5002812
0.67843995
1
1
1
1
1
1
1
1
1
1
1
1
0.97306092
0.86683044
0.80854749
0.58042268
0.50381274
0.50094325
0.50028378
0.67844245
1
1
1
1
1
1
1
1
1
1
1
1
0.96529784
0.86845598
0.81031383
0.57667186
0.50361589
0.50092867
0.50027576
0.67844054
1
1
1
1
1
1
1
1
1
1
1
1
0.95738467
0.86977875
0.81234485
0.57315366
0.50340423
0.50089552
0.50025587
0.67843088
1
1
1
1
1
1
1
1
1
1
1
1
0.94943096
0.87088553
0.81444828
0.56987037
0.50317989
0.50084367
0.50022396
0.67841031
1
1
1
1
1
1
1
1
1
1
1
1
0.94152458
0.87184693
0.816477
0.56681619
0.50294599
0.50077439
0.50018088
0.67837615
1
1
1
1
1
1
1
1
1
1
1
1
0.93374666
0.8726842
0.81833278
0.56397962
0.502706
0.50068979
0.5001281
0.67832641
1
1
1
1
1
1
1
1
1
1
1
1
0.92619869
0.87336433
0.81995767
0.56134592
0.50246322
0.50059252
0.50006746
0.67825989
1
1
1
1
1
1
1
1
1
1
1
1
0.91899804
0.87381462
0.82131833
0.55889915
0.50222061
0.50048539
0.50000084
0.67817621
1
1
1
1
1
1
1
1
1
1
1
1
0.91226767
0.87394825
0.82238961
0.55662357
0.50198076
0.50037118
0.49993006
0.6780757
1
1
1
1
1
1
1
1
1
1
1
1
0.90611998
0.87369217
0.82314209
0.55450441
0.501746
0.50025257
0.49985675
0.67795936
1
1
1
1
1
1
1
1
1
1
1
1
0.9006397
0.87300962
0.82353613
0.55252806
0.50151854
0.50013213
0.49978237
0.67782872
1
1
1
1
1
1
1
1
1
1
1
1
0.89587147
0.87191126
0.82352285
0.55068202
0.50130054
0.50001229
0.49970823
0.67768576
1
1
1
1
1
1
1
1
1
1
1
1
0.89181545
0.87045289
0.82305085
0.54895453
0.50109423
0.49989543
0.49963554
0.67753281
1
1
1
1
1
1
1
1
1
1
1
1
0.88843144
0.8687218
0.82207608
0.54733419
0.50090191
0.49978386
0.49956548
0.67737249
1
1
1
1
1
1
1
1
1
1
1
1
0.88564875
0.86681748
0.82057161
0.54580975
0.50072585
0.49967985
0.49949918
0.67720766
1
1
1
1
1
1
1
1
1
1
1
1
0.8833784
0.86483329
0.81853445
0.54436986
0.5005682
0.49958553
0.49943774
0.67704132
1
1
1
1
1
1
1
1
1
1
1
1
0.88152431
0.86284367
0.81598753
0.54300312
0.5004309
0.49950289
0.49938222
0.67687658
1
1
1
1
1
1
1
1
1
1
1
1
0.87999217
0.86089867
0.81297691
0.54169818
0.5003155
0.49943363
0.49933356
0.67671658
1
1
1
1
1
1
1
1
1
1
1
1
0.8786954
0.85902485
0.80956516
0.540444
0.50022306
0.49937915
0.49929256
0.67656439
1
1
1
1
1
1
1
1
1
1
1
1
0.87755882
0.85723012
0.80582304
0.53923016
0.50015407
0.49934042
0.49925984
0.67642295
1
1
1
1
1
1
1
1
1
1
1
1
0.87652049
0.85551016
0.80182131
0.53804718
0.50010843
0.49931796
0.49923575
0.67629497
1
1
1
1
1
1
1
1
1
1
1
1
0.87553237
0.85385433
0.79762402
0.53688683
0.50008548
0.49931179
0.49922041
0.67618283
1
1
1
1
1
1
1
1
1
1
1
1
0.87455993
0.85225024
0.79328409
0.53574231
0.50008404
0.49932153
0.4992137
0.67608852
1
1
1
1
1
1
1
1
1
1
1
1
0.87358113
0.8506867
0.78884109
0.53460842
0.50010253
0.49934636
0.49921528
0.67601362
1
1
1
1
1
1
1
1
1
1
1
1
0.87258483
0.8491552
0.78432111
0.53348148
0.50013912
0.49938515
0.4992246
0.6759592
1
1
1
1
1
1
1
1
1
1
1
1
0.87156881
0.84765035
0.77973791
0.5323593
0.50019176
0.49943651
0.49924103
0.67592586
1
1
1
1
1
1
1
1
1
1
1
1
0.87053767
0.84616976
0.77509514
0.53124096
0.50025838
0.49949894
0.49926382
0.67591372
1
1
1
1
1
1
1
1
1
1
1
1
0.86950062
0.84471348
0.77038887
0.5301266
0.50033688
0.49957082
0.49929222
0.67592246
1
1
1
1
1
1
1
1
1
1
1
1
0.86846956
0.8432834
0.76561017
0.52901712
0.50042523
0.49965053
0.49932546
0.67595135
1
1
1
1
1
1
1
1
1
1
1
1
0.86745733
0.84188257
0.76074749
0.52791401
0.50052149
0.4997365
0.49936281
0.67599931
1
1
1
1
1
1
1
1
1
1
1
1
0.86647636
0.84051467
0.75578869
0.52681912
0.50062379
0.4998272
0.49940358
0.67606498
1
1
1
1
1
1
1
1
1
1
1
1
0.86553777
0.83918337
0.7507226
0.52573447
0.50073036
0.49992118
0.4994471
0.67614674
1
1
1
1
1
1
1
1
1
1
1
1
0.86465068
0.83789196
0.74554018
0.52466217
0.50083948
0.50001708
0.49949277
0.67624278
1
1
1
1
1
1
1
1
1
1
1
1
0.86382201
0.83664291
0.74023523
0.5236043
0.50094952
0.50011358
0.49953998
0.67635115
1
1
1
1
1
1
1
1
1
1
1
1
0.86305636
0.83543756
0.73480481
0.52256294
0.50105889
0.50020946
0.49958814
0.67646981
1
1
1
1
1
1
1
1
1
1
1
1
0.86235613
0.83427588
0.72924939
0.52154009
0.50116607
0.50030354
0.49963669
0.67659662
1
1
1
1
1
1
1
1
1
1
1
1
0.86172174
0.8331563
0.72357272
0.52053772
0.50126963
0.50039472
0.49968505
0.67672943
1
1
1
1
1
1
1
1
1
1
1
1
0.86115182
0.83207563
0.7177817
0.51955777
0.50136822
0.50048199
0.49973265
0.67686607
1
1
1
1
1
1
1
1
1
1
1
1
0.86064346
0.83102905
0.71188605
0.51860214
0.50146066
0.5005644
0.49977897
0.67700439
1
1
1
1
1
1
1
1
1
1
1
1
0.8601924
0.83001009
0.70589799
0.51767274
0.50154593
0.50064114
0.49982347
0.67714229
1
1
1
1
1
1
1
1
1
1
1
1
0.85979324
0.82901082
0.69983186
0.51677141
0.50162321
0.50071152
0.4998657
0.67727777
1
1
1
1
1
1
1
1
1
1
1
1
0.85943956
0.82802195
0.69370376
0.5159
0.50169194
0.50077502
0.49990526
0.67740891
1
1
1
1
1
1
1
1
1
1
1
1
0.85912412
0.82703304
0.68753114
0.51506026
0.50175178
0.50083129
0.49994182
0.67753395
1
1
1
1
1
1
1
1
1
1
1
1
0.85883899
0.82603276
0.68133239
0.51425383
0.50180269
0.50088018
0.49997516
0.67765131
1
1
1
1
1
1
1
1
1
1
1
1
0.85857578
0.82500912
0.67512639
0.5134822
0.50184488
0.50092173
0.50000515
0.67775962
1
1
1
1
1
1
1
1
1
1
1
1
0.8583258
0.82394978
0.66893218
0.51274668
0.50187879
0.50095618
0.50003176
0.67785773
1
1
1
1
1
1
1
1
1
1
1
1
0.85808029
0.82284223
0.66276849
0.51204833
0.50190512
0.50098397
0.50005508
0.67794476
1
1
1
1
1
1
1
1
1
1
1
1
0.85783069
0.82167414
0.6566534
0.51138798
0.50192472
0.50100569
0.50007528
0.67802009
1
1
1
1
1
1
1
1
1
1
1
1
0.85756883
0.82043347
0.65060402
0.51076614
0.50193862
0.50102208
0.50009259
0.67808339
1
1
1
1
1
1
1
1
1
1
1
0.99983561
0.85740574
0.81914666
0.64463614
0.51018279
0.50194785
0.50103394
0.50010734
0.6781346
1
1
1
1
1
1
1
1
1
1
1
0.99653377
0.859456
0.81851551
0.63876364
0.50963222
0.50195176
0.50104144
0.50011953
0.67817381
1
1
1
1
1
1
1
1
1
1
1
0.99141378
0.86219941
0.81881612
0.63302806
0.50910493
0.50194769
0.50104361
0.50012861
0.6782011
1
1
1
1
1
1
1
1
1
1
1
0.98521874
0.86489436
0.8200212
0.6274884
0.50859124
0.50193186
0.50103849
0.50013335
0.67821631
1
1
1
1
1
1
1
1
1
1
1
0.97840386
0.86725039
0.82193675
0.62220244
0.50808407
0.5019006
0.50102357
0.50013211
0.67821891
1
1
1
1
1
1
1
1
1
1
1
0.9712545
0.86921575
0.82430746
0.61721339
0.50757999
0.5018513
0.50099649
0.50012322
0.67820799
1
1
1
1
1
1
1
1
1
1
1
0.96395583
0.87084454
0.82688415
0.61254477
0.5070789
0.50178283
0.50095552
0.50010532
0.67818238
1
1
1
1
1
1
1
1
1
1
1
0.95663268
0.87222028
0.82946
0.60820129
0.50658302
0.50169555
0.50089984
0.50007762
0.67814084
1
1
1
1
1
1
1
1
1
1
1
0.94937123
0.87341804
0.83188439
0.60417293
0.50609571
0.50159099
0.50082955
0.50003999
0.67808223
1
1
1
1
1
1
1
1
1
1
1
0.94223577
0.87448669
0.834063
0.60043987
0.50562052
0.50147143
0.50074558
0.49999289
0.67800575
1
1
1
1
1
1
1
1
1
1
1
0.93528121
0.87543295
0.83595013
0.59697706
0.50516055
0.50133949
0.50064947
0.49993721
0.67791098
1
1
1
1
1
1
1
1
1
1
1
0.92857174
0.87622454
0.83753364
0.59375792
0.50471815
0.50119785
0.50054312
0.49987413
0.67779804
1
1
1
1
1
1
1
1
1
1
1
0.9221796
0.87680399
0.8388179
0.59075669
0.50429489
0.50104906
0.50042856
0.49980496
0.67766752
1
1
1
1
1
1
1
1
1
1
1
0.91618055
0.87710666
0.8398094
0.58794979
0.50389172
0.50089541
0.50030786
0.49973098
0.6775205
1
1
1
1
1
1
1
1
1
1
1
0.91064553
0.87707799
0.84050731
0.5853163
0.5035091
0.50073899
0.500183
0.49965339
0.67735843
1
1
1
1
1
1
1
1
1
1
1
0.90563116
0.87668688
0.84089946
0.58283779
0.50314733
0.50058169
0.50005579
0.49957329
0.67718312
1
1
1
1
1
1
1
1
1
1
1
0.90117166
0.87593282
0.84096337
0.5804979
0.5028066
0.50042526
0.49992794
0.49949165
0.67699659
1
1
1
1
1
1
1
1
1
1
1
0.89727438
0.87484593
0.84067081
0.57828177
0.50248722
0.50027142
0.49980104
0.49940935
0.67680107
1
1
1
1
1
1
1
1
1
1
1
0.89391979
0.8734805
0.83999463
0.57617552
0.5021896
0.50012181
0.49967658
0.49932723
0.67659889
1
1
1
1
1
1
1
1
1
1
1
0.89106545
0.8719045
0.83891563
0.57416581
0.50191432
0.49997809
0.49955597
0.49924607
0.67639245
1
1
1
1
1
1
1
1
1
1
1
0.88865227
0.87018809
0.83742812
0.57223961
0.50166201
0.49984189
0.4994406
0.49916667
0.67618419
1
1
1
1
1
1
1
1
1
1
1
0.88661162
0.86839398
0.83554273
0.57038414
0.50143332
0.49971479
0.49933178
0.49908979
0.67597655
1
1
1
1
1
1
1
1
1
1
1
0.88487178
0.86657141
0.83328634
0.56858694
0.50122883
0.4995983
0.49923074
0.49901622
0.67577196
1
1
1
1
1
1
1
1
1
1
1
0.88336314
0.86475403
0.83069909
0.56683608
0.50104894
0.49949377
0.49913865
0.4989467
0.67557278
1
1
1
1
1
1
1
1
1
1
1
0.88202195
0.862961
0.82782971
0.56512043
0.50089379
0.49940237
0.49905651
0.49888195
0.67538128
1
1
1
1
1
1
1
1
1
1
1
0.88079277
0.86120001
0.82473004
0.56342995
0.50076326
0.49932503
0.49898519
0.49882261
0.67519965
1
1
1
1
1
1
1
1
1
1
1
0.87962987
0.85947101
0.82144988
0.561756
0.50065689
0.49926241
0.49892537
0.49876922
0.67502988
1
1
1
1
1
1
1
1
1
1
1
0.87849766
0.85776976
0.81803297
0.5600915
0.50057393
0.49921491
0.49887751
0.49872224
0.67487381
1
1
1
1
1
1
1
1
1
1
1
0.87737056
0.85609053
0.81451427
0.55843106
0.50051339
0.49918267
0.49884186
0.49868199
0.67473306
1
1
1
1
1
1
1
1
1
1
1
0.87623222
0.85442796
0.81091877
0.55677099
0.50047409
0.49916557
0.49881848
0.49864868
0.67460899
1
1
1
1
1
1
1
1
1
1
1
0.87507438
0.85277811
0.80726155
0.55510918
0.50045472
0.49916331
0.49880722
0.49862243
0.67450273
1
1
1
1
1
1
1
1
1
1
1
0.8738954
0.85113885
0.80354878
0.55344494
0.50045395
0.49917542
0.49880779
0.49860324
0.6744151
1
1
1
1
1
1
1
1
1
1
1
0.87269874
0.84950985
0.79977927
0.55177876
0.50047045
0.49920131
0.49881978
0.49859103
0.67434668
1
1
1
1
1
1
1
1
1
1
1
0.87149133
0.84789237
0.79594635
0.55011205
0.50050292
0.49924034
0.49884266
0.49858569
0.67429774
1
1
1
1
1
1
1
1
1
1
1
0.87028222
0.8462889
0.79203971
0.54844685
0.50055016
0.49929179
0.49887586
0.49858703
0.67426835
1
1
1
1
1
1
1
1
1
1
1
0.86908127
0.84470285
0.78804707
0.54678564
0.50061102
0.49935494
0.49891878
0.49859486
0.67425831
1
1
1
1
1
1
1
1
1
1
1
0.86789824
0.84313821
0.78395561
0.54513111
0.50068439
0.49942904
0.49897079
0.49860895
0.67426722
1
1
1
1
1
1
1
1
1
1
1
0.86674215
0.84159924
0.77975303
0.54348602
0.5007692
0.49951332
0.49903123
0.49862908
0.67429449
1
1
1
1
1
1
1
1
1
1
1
0.86562085
0.84009027
0.77542826
0.5418531
0.50086436
0.49960697
0.49909945
0.49865498
0.67433939
1
1
1
1
1
1
1
1
1
1
1
0.86454092
0.83861546
0.77097197
0.540235
0.50096876
0.49970917
0.49917479
0.49868637
0.67440101
1
1
1
1
1
1
1
1
1
1
1
0.86350767
0.83717863
0.76637673
0.53863426
0.5010812
0.49981901
0.49925655
0.49872295
0.67447835
1
1
1
1
1
1
1
1
1
1
1
0.86252531
0.83578317
0.76163708
0.53705329
0.50120042
0.49993553
0.49934399
0.49876437
0.6745703
1
1
1
1
1
1
1
1
1
1
1
0.86159708
0.83443185
0.75674949
0.53549444
0.50132505
0.5000577
0.49943635
0.49881022
0.67467564
1
1
1
1
1
1
1
1
1
1
1
0.86072552
0.83312676
0.75171225
0.53395996
0.50145362
0.50018439
0.49953278
0.49886006
0.67479307
1
1
1
1
1
1
1
1
1
1
1
0.85991254
0.83186919
0.74652537
0.5324521
0.50158461
0.50031441
0.4996324
0.49891338
0.67492118
1
1
1
1
1
1
1
1
1
1
1
0.85915956
0.83065956
0.74119058
0.53097308
0.50171639
0.50044649
0.49973426
0.4989696
0.67505853
1
1
1
1
1
1
1
1
1
1
1
0.8584675
0.82949727
0.73571123
0.52952512
0.50184735
0.5005793
0.49983736
0.49902813
0.67520357
1
1
1
1
1
1
1
1
1
1
1
0.85783678
0.82838064
0.73009244
0.52811046
0.50197585
0.50071147
0.49994066
0.49908829
0.67535469
1
1
1
1
1
1
1
1
1
1
1
0.85726717
0.82730679
0.72434104
0.52673138
0.50210034
0.50084163
0.50004308
0.4991494
0.67551023
1
1
1
1
1
1
1
1
1
1
1
0.85675771
0.82627158
0.71846576
0.52539013
0.50221934
0.50096845
0.50014356
0.49921074
0.67566847
1
1
1
1
1
1
1
1
1
1
1
0.85630655
0.8252695
0.7124772
0.52408897
0.50233152
0.50109064
0.50024105
0.49927161
0.67582767
1
1
1
1
1
1
1
1
1
1
1
0.85591086
0.8242937
0.70638791
0.52283012
0.50243576
0.50120702
0.50033455
0.49933131
0.67598607
1
1
1
1
1
1
1
1
1
1
1
0.85556671
0.82333597
0.70021232
0.52161573
0.50253115
0.50131653
0.50042314
0.49938919
0.67614193
1
1
1
1
1
1
1
1
1
1
1
0.85526905
0.82238682
0.69396657
0.52044783
0.50261705
0.5014183
0.50050601
0.49944465
0.67629353
1
1
1
1
1
1
1
1
1
1
0.99912365
0.85563926
0.82164393
0.68767232
0.51932671
0.5026927
0.50151149
0.50058244
0.49949714
0.67643923
1
1
1
1
1
1
1
1
1
1
0.99520644
0.85805635
0.82176696
0.68137728
0.51824679
0.50275588
0.50159473
0.5006515
0.49954604
0.67657742
1
1
1
1
1
1
1
1
1
1
0.98954407
0.86104012
0.82293288
0.67517829
0.51719912
0.50280275
0.50166578
0.50071186
0.4995905
0.6767065
1
1
1
1
1
1
1
1
1
1
0.98288358
0.8638995
0.82500875
0.66918939
0.51617552
0.50282883
0.50172176
0.50076171
0.49962939
0.67682473
1
1
1
1
1
1
1
1
1
1
0.97568138
0.86638684
0.82771867
0.66350773
0.51517152
0.50283029
0.5017597
0.50079893
0.49966135
0.67693027
1
1
1
1
1
1
1
1
1
1
0.9682228
0.8684779
0.83075993
0.65819558
0.51418708
0.5028049
0.50177716
0.50082148
0.49968497
0.67702109
1
1
1
1
1
1
1
1
1
1
0.96069179
0.8702388
0.83386855
0.65327788
0.51322571
0.50275243
0.50177263
0.50082771
0.49969903
0.67709508
1
1
1
1
1
1
1
1
1
1
0.95321001
0.87175347
0.83684737
0.64874881
0.51229291
0.50267443
0.50174578
0.50081662
0.49970267
0.67715016
1
1
1
1
1
1
1
1
1
1
0.94585931
0.87309076
0.83956995
0.64458163
0.51139453
0.50257371
0.50169728
0.50078796
0.49969551
0.67718447
1
1
1
1
1
1
1
1
1
1
0.93870123
0.87428382
0.84197228
0.64073813
0.51053568
0.50245379
0.50162867
0.50074222
0.49967765
0.67719645
1
1
1
1
1
1
1
1
1
1
0.93179626
0.87532235
0.84403647
0.63717632
0.50972008
0.50231836
0.50154203
0.50068052
0.49964961
0.67718498
1
1
1
1
1
1
1
1
1
1
0.92521193
0.87616292
0.84577008
0.63385557
0.50894991
0.50217092
0.50143973
0.50060443
0.49961221
0.67714951
1
1
1
1
1
1
1
1
1
1
0.91902061
0.8767467
0.84718786
0.6307394
0.50822594
0.5020146
0.50132423
0.5005158
0.49956647
0.67709
1
1
1
1
1
1
1
1
1
1
0.91329283
0.87701786
0.84829925
0.62779643
0.50754792
0.50185211
0.50119795
0.50041662
0.4995135
0.67700699
1
1
1
1
1
1
1
1
1
1
0.90808827
0.87693867
0.84910244
0.6250001
0.50691487
0.50168579
0.50106319
0.50030891
0.4994544
0.67690148
1
1
1
1
1
1
1
1
1
1
0.90344706
0.8764989
0.84958414
0.62232775
0.50632545
0.50151765
0.5009221
0.50019463
0.49939022
0.67677496
1
1
1
1
1
1
1
1
1
1
0.89938395
0.87571825
0.84972368
0.6197595
0.5057782
0.5013495
0.50077673
0.50007563
0.49932194
0.67662923
1
1
1
1
1
1
1
1
1
1
0.89588675
0.87464213
0.84949955
0.61727721
0.50527171
0.50118302
0.50062898
0.49995368
0.49925046
0.67646642
1
1
1
1
1
1
1
1
1
1
0.89291886
0.87333274
0.8488963
0.61486373
0.50480468
0.50101978
0.50048065
0.4998304
0.4991766
0.67628885
1
1
1
1
1
1
1
1
1
1
0.89042492
0.87185811
0.84791031
0.61250246
0.50437596
0.50086132
0.50033349
0.49970731
0.49910115
0.676099
1
1
1
1
1
1
1
1
1
1
0.88833766
0.8702822
0.84655306
0.61017731
0.50398449
0.5007091
0.50018914
0.49958584
0.49902484
0.67589946
1
1
1
1
1
1
1
1
1
1
0.88658471
0.86865794
0.84485136
0.60787289
0.50362924
0.50056451
0.50004915
0.49946729
0.49894838
0.67569283
1
1
1
1
1
1
1
1
1
1
0.88509425
0.86702392
0.8428449
0.6055749
0.50330915
0.5004288
0.49991497
0.49935287
0.49887247
0.67548173
1
1
1
1
1
1
1
1
1
1
0.88379935
0.86540435
0.84058186
0.60327065
0.50302304
0.50030311
0.49978791
0.49924369
0.49879777
0.67526876
1
1
1
1
1
1
1
1
1
1
0.88264077
0.86381133
0.83811363
0.6009495
0.50276958
0.50018834
0.49966913
0.49914072
0.49872491
0.6750564
1
1
1
1
1
1
1
1
1
1
0.88156864
0.86224805
0.8354898
0.59860327
0.50254723
0.50008522
0.49955961
0.4990448
0.49865448
0.67484707
1
1
1
1
1
1
1
1
1
1
0.88054314
0.86071213
0.83275403
0.59622647
0.50235432
0.49999424
0.49946014
0.49895664
0.49858702
0.674643
1
1
1
1
1
1
1
1
1
1
0.87953434
0.85919842
0.8299414
0.59381633
0.50218903
0.49991569
0.49937133
0.49887677
0.49852302
0.6744463
1
1
1
1
1
1
1
1
1
1
0.87852151
0.85770102
0.82707714
0.59137265
0.50204947
0.49984967
0.49929359
0.49880561
0.49846289
0.67425886
1
1
1
1
1
1
1
1
1
1
0.87749203
0.85621453
0.82417666
0.5888975
0.50193374
0.49979612
0.49922715
0.49874342
0.49840698
0.67408237
1
1
1
1
1
1
1
1
1
1
0.87643995
0.85473472
0.82124652
0.5863948
0.50184001
0.49975489
0.49917212
0.49869031
0.49835557
0.67391829
1
1
1
1
1
1
1
1
1
1
0.87536448
0.8532587
0.81828599
0.58386983
0.50176657
0.49972572
0.49912846
0.49864633
0.4983089
0.67376785
1
1
1
1
1
1
1
1
1
1
0.87426854
0.8517849
0.8152889
0.58132875
0.50171189
0.49970835
0.49909606
0.49861139
0.49826712
0.67363205
1
1
1
1
1
1
1
1
1
1
0.87315731
0.85031287
0.81224542
0.57877819
0.50167461
0.4997025
0.49907474
0.49858538
0.4982304
0.67351167
1
1
1
1
1
1
1
1
1
1
0.87203714
0.84884309
0.80914365
0.57622489
0.50165354
0.49970789
0.49906427
0.49856811
0.49819882
0.67340726
1
1
1
1
1
1
1
1
1
1
0.87091462
0.84737672
0.80597101
0.57367536
0.5016477
0.49972426
0.49906443
0.49855938
0.49817249
0.67331918
1
1
1
1
1
1
1
1
1
1
0.86979595
0.84591545
0.8027151
0.5711358
0.5016562
0.49975139
0.49907494
0.49855898
0.49815147
0.6732476
1
1
1
1
1
1
1
1
1
1
0.8686866
0.84446129
0.79936442
0.56861187
0.50167829
0.49978904
0.49909555
0.49856669
0.49813582
0.67319255
1
1
1
1
1
1
1
1
1
1
0.86759116
0.84301653
0.79590869
0.56610874
0.50171326
0.49983699
0.49912599
0.49858229
0.49812559
0.67315389
1
1
1
1
1
1
1
1
1
1
0.86651335
0.84158357
0.79233892
0.56363104
0.50176044
0.49989499
0.49916598
0.49860557
0.49812081
0.67313137
1
1
1
1
1
1
1
1
1
1
0.86545623
0.84016492
0.78864743
0.56118291
0.50181912
0.49996275
0.49921522
0.49863631
0.49812148
0.67312462
1
1
1
1
1
1
1
1
1
1
0.86442236
0.83876314
0.78482761
0.55876803
0.50188858
0.50003992
0.49927338
0.49867427
0.49812761
0.6731332
1
1
1
1
1
1
1
1
1
1
0.86341403
0.83738084
0.78087381
0.55638974
0.50196799
0.5001261
0.4993401
0.49871921
0.49813914
0.67315658
1
1
1
1
1
1
1
1
1
1
0.86243349
0.83602063
0.7767811
0.55405102
0.50205648
0.5002208
0.49941496
0.49877084
0.49815598
0.67319414
1
1
1
1
1
1
1
1
1
1
0.8614831
0.83468511
0.77254515
0.55175461
0.50215305
0.50032343
0.49949748
0.49882885
0.49817803
0.67324522
1
1
1
1
1
1
1
1
1
1
0.8605654
0.83337686
0.76816212
0.54950301
0.50225662
0.50043331
0.49958713
0.49889287
0.49820509
0.67330909
1
1
1
1
1
1
1
1
1
1
0.85968321
0.83209837
0.76362869
0.54729855
0.50236599
0.50054966
0.49968328
0.49896247
0.49823695
0.67338495
1
1
1
1
1
1
1
1
1
1
0.85883956
0.83085198
0.75894206
0.5451434
0.50247988
0.5006716
0.49978525
0.49903719
0.49827332
0.67347195
1
1
1
1
1
1
1
1
1
1
0.85803764
0.82963977
0.75410015
0.54303962
0.50259691
0.50079814
0.49989226
0.49911646
0.49831386
0.67356919
1
1
1
1
1
1
1
1
1
1
0.85728069
0.82846348
0.74910172
0.54098912
0.50271565
0.50092823
0.50000348
0.49919967
0.49835819
0.67367568
1
1
1
1
1
1
1
1
1
1
0.85657183
0.82732433
0.7439466
0.53899375
0.5028346
0.5010607
0.50011798
0.49928614
0.49840585
0.67379038
1
1
1
1
1
1
1
1
1
1
0.85591392
0.82622285
0.73863596
0.53705524
0.50295225
0.50119435
0.50023477
0.49937513
0.49845635
0.67391222
1
1
1
1
1
1
1
1
1
1
0.85530937
0.82515877
0.73317254
0.53517525
0.50306709
0.50132791
0.50035281
0.49946582
0.49850916
0.67404001
1
1
1
1
1
1
1
1
1
1
0.85475993
0.82413078
0.72756089
0.53335538
0.50317764
0.5014601
0.50047101
0.49955738
0.4985637
0.67417255
1
1
1
1
1
1
1
1
1
0.99976019
0.85443748
0.82319434
0.72181022
0.53159665
0.50328243
0.50158959
0.50058825
0.49964891
0.49861935
0.67430855
1
1
1
1
1
1
1
1
1
0.99605806
0.85659592
0.82316266
0.71597148
0.52989324
0.50337853
0.5017145
0.50070315
0.4997394
0.49867546
0.67444669
1
1
1
1
1
1
1
1
1
0.99036261
0.85949428
0.8242563
0.71017889
0.52823488
0.503461
0.50183189
0.5008138
0.49982755
0.49873121
0.67458553
1
1
1
1
1
1
1
1
1
0.98351889
0.8623184
0.82632453
0.70459805
0.52661216
0.50352374
0.50193786
0.50091767
0.49991169
0.49878555
0.67472349
1
1
1
1
1
1
1
1
1
0.97603596
0.86476801
0.82905546
0.69936983
0.52502064
0.503561
0.50202822
0.50101179
0.49998975
0.49883723
0.67485881
1
1
1
1
1
1
1
1
1
0.96822806
0.86680161
0.83211613
0.69458148
0.52346191
0.50356883
0.50209918
0.5010931
0.50005947
0.49888478
0.67498949
1
1
1
1
1
1
1
1
1
0.96029566
0.86848437
0.83522638
0.69026317
0.52194241
0.50354572
0.50214804
0.5011589
0.50011857
0.49892674
0.6751133
1
1
1
1
1
1
1
1
1
0.95237085
0.86990575
0.83818643
0.68639897
0.52047111
0.50349259
0.50217347
0.50120712
0.50016506
0.49896173
0.67522785
1
1
1
1
1
1
1
1
1
0.94454303
0.87114087
0.84087675
0.68294242
0.51905726
0.50341225
0.50217548
0.50123653
0.5001974
0.49898868
0.67533072
1
1
1
1
1
1
1
1
1
0.93688622
0.87222392
0.84324538
0.67983151
0.51770873
0.50330863
0.50215516
0.50124672
0.50021463
0.49900683
0.67541952
1
1
1
1
1
1
1
1
1
0.92948019
0.87313944
0.84528609
0.67700056
0.51643114
0.50318611
0.50211436
0.501238
0.50021641
0.49901584
0.67549208
1
1
1
1
1
1
1
1
1
0.92241699
0.87383495
0.8470134
0.67438796
0.51522772
0.50304897
0.50205537
0.50121125
0.50020294
0.49901571
0.67554651
1
1
1
1
1
1
1
1
1
0.91579658
0.87424285
0.84844209
0.6719399
0.51409955
0.50290111
0.50198059
0.50116779
0.50017488
0.49900674
0.67558134
1
1
1
1
1
1
1
1
1
0.90971558
0.87430341
0.84957488
0.66961106
0.5130461
0.5027459
0.50189243
0.50110916
0.50013327
0.49898946
0.67559554
1
1
1
1
1
1
1
1
1
0.90425337
0.87398342
0.85039863
0.66736342
0.5120657
0.50258623
0.50179316
0.50103706
0.50007938
0.49896455
0.67558855
1
1
1
1
1
1
1
1
1
0.89945984
0.87328652
0.85088785
0.66516402
0.51115613
0.50242457
0.50168493
0.50095327
0.50001467
0.49893274
0.67556027
1
1
1
1
1
1
1
1
1
0.89534858
0.87225352
0.85101286
0.66298274
0.51031484
0.50226304
0.50156974
0.50085958
0.49994065
0.49889483
0.67551109
1
1
1
1
1
1
1
1
1
0.89189691
0.87095371
0.85074982
0.66079071
0.50953926
0.50210356
0.5014495
0.5007578
0.4998589
0.4988516
0.67544175
1
1
1
1
1
1
1
1
1
0.88905176
0.86947073
0.85008966
0.6585594
0.50882686
0.50194788
0.50132601
0.50064971
0.49977098
0.49880383
0.67535341
1
1
1
1
1
1
1
1
1
0.88673898
0.86788784
0.84904355
0.65626083
0.50817511
0.50179755
0.501201
0.50053706
0.49967842
0.49875225
0.67524749
1
1
1
1
1
1
1
1
1
0.88487336
0.86627644
0.84764375
0.65386842
0.50758151
0.50165403
0.50107612
0.50042155
0.49958271
0.4986976
0.67512571
1
1
1
1
1
1
1
1
1
0.88336741
0.86468976
0.84594016
0.65135842
0.50704341
0.50151855
0.50095291
0.50030482
0.49948528
0.49864056
0.67498996
1
1
1
1
1
1
1
1
1
0.88213808
0.86316157
0.84399376
0.6487115
0.50655803
0.50139216
0.50083277
0.50018842
0.49938747
0.4985818
0.67484231
1
1
1
1
1
1
1
1
1
0.8811112
0.86170851
0.84186889
0.64591413
0.50612233
0.50127563
0.50071696
0.50007379
0.4992905
0.49852195
0.67468493
1
1
1
1
1
1
1
1
1
0.88022389
0.86033422
0.839626
0.64295953
0.50573305
0.5011695
0.50060656
0.49996222
0.4991955
0.49846162
0.67452002
1
1
1
1
1
1
1
1
1
0.87942546
0.85903373
0.83731629
0.63984795
0.50538674
0.50107403
0.50050244
0.49985483
0.49910346
0.49840134
0.67434983
1
1
1
1
1
1
1
1
1
0.87867711
0.85779727
0.83497852
0.63658632
0.50507981
0.50098924
0.50040526
0.49975259
0.49901523
0.49834163
0.67417654
1
1
1
1
1
1
1
1
1
0.87795082
0.8566131
0.83263822
0.63318729
0.50480867
0.50091494
0.50031551
0.49965628
0.4989315
0.49828294
0.67400226
1
1
1
1
1
1
1
1
1
0.87722778
0.85546927
0.83030849
0.62966796
0.50456982
0.5008508
0.50023348
0.49956648
0.49885283
0.49822564
0.67382901
1
1
1
1
1
1
1
1
1
0.87649653
0.85435475
0.82799203
0.62604837
0.50435999
0.50079637
0.50015933
0.49948366
0.49877964
0.49817009
0.67365865
1
1
1
1
1
1
1
1
1
0.87575116
0.85325987
0.82568368
0.62235005
0.50417616
0.50075119
0.50009312
0.49940811
0.49871219
0.49811656
0.67349287
1
1
1
1
1
1
1
1
1
0.87498961
0.85217653
0.82337292
0.61859477
0.50401569
0.50071479
0.50003483
0.49934
0.49865067
0.49806529
0.6733332
1
1
1
1
1
1
1
1
1
0.87421221
0.85109816
0.82104617
0.61480356
0.50387629
0.50068674
0.49998438
0.49927943
0.49859517
0.49801648
0.67318096
1
1
1
1
1
1
1
1
1
0.87342058
0.85001958
0.81868858
0.61099594
0.50375605
0.50066671
0.49994171
0.49922643
0.49854569
0.49797032
0.67303729
1
1
1
1
1
1
1
1
1
0.87261681
0.84893687
0.81628537
0.60718956
0.50365339
0.50065442
0.49990672
0.49918096
0.4985022
0.49792695
0.67290314
1
1
1
1
1
1
1
1
1
0.87180297
0.84784717
0.81382262
0.60339997
0.50356704
0.5006497
0.49987937
0.49914298
0.49846464
0.49788651
0.67277925
1
1
1
1
1
1
1
1
1
0.87098082
0.84674853
0.81128778
0.59964057
0.50349596
0.50065245
0.49985961
0.49911242
0.49843293
0.49784917
0.67266624
1
1
1
1
1
1
1
1
1
0.87015179
0.84563977
0.8086698
0.59592276
0.50343929
0.5006626
0.49984742
0.4990892
0.498407
0.49781504
0.67256453
1
1
1
1
1
1
1
1
1
0.86931695
0.84452036
0.80595906
0.59225605
0.50339633
0.50068014
0.49984277
0.49907326
0.49838677
0.49778427
0.67247443
1
1
1
1
1
1
1
1
1
0.86847722
0.84339036
0.80314723
0.58864831
0.50336646
0.50070509
0.49984568
0.49906451
0.49837216
0.497757
0.67239612
1
1
1
1
1
1
1
1
1
0.8676335
0.84225031
0.80022699
0.58510597
0.5033491
0.50073744
0.49985613
0.4990629
0.49836313
0.49773335
0.67232966
1
1
1
1
1
1
1
1
1
0.86678681
0.84110119
0.79719178
0.58163422
0.50334369
0.50077719
0.49987411
0.49906833
0.49835962
0.49771346
0.67227504
1
1
1
1
1
1
1
1
1
0.86593847
0.83994445
0.79403561
0.57823721
0.50334969
0.50082429
0.49989957
0.49908073
0.49836159
0.49769744
0.67223215
1
1
1
1
1
1
1
1
1
0.86509014
0.83878189
0.79075281
0.57491822
0.50336649
0.50087866
0.49993244
0.49910001
0.498369
0.49768538
0.67220083
1
1
1
1
1
1
1
1
1
0.86424393
0.83761572
0.78733795
0.57167978
0.50339346
0.50094015
0.49997262
0.49912604
0.49838179
0.49767736
0.67218086
1
1
1
1
1
1
1
1
1
0.86340242
0.83644849
0.78378573
0.56852384
0.50342992
0.50100856
0.50001995
0.4991587
0.4983999
0.49767344
0.67217195
1
1
1
1
1
1
1
1
1
0.8625686
0.83528307
0.78009098
0.56545181
0.50347509
0.50108361
0.50007423
0.4991978
0.49842325
0.49767362
0.67217378
1
1
1
1
1
1
1
1
1
0.86174589
0.83412257
0.77624867
0.56246471
0.50352816
0.50116494
0.5001352
0.49924315
0.49845172
0.49767792
0.672186
1
1
1
1
1
1
1
1
1
0.86093809
0.83297035
0.77225399
0.55956319
0.50358821
0.50125211
0.50020253
0.49929451
0.49848519
0.49768628
0.67220818
1
1
1
1
1
1
1
1
1
0.86014923
0.83182988
0.76810246
0.55674765
0.50365424
0.5013446
0.50027584
0.49935157
0.49852346
0.49769862
0.6722399
1
1
1
1
1
1
1
1
1
0.85938359
0.83070468
0.76379002
0.55401825
0.50372516
0.50144179
0.50035465
0.49941399
0.49856632
0.49771481
0.67228067
1
1
1
1
1
1
1
1
1
0.85864553
0.82959819
0.75931324
0.55137496
0.50379981
0.50154296
0.50043845
0.49948137
0.49861351
0.49773471
0.67232997
1
1
1
1
1
1
1
1
1
0.85793943
0.82851368
0.75466947
0.54881763
0.50387692
0.50164731
0.50052661
0.49955325
0.4986647
0.49775809
0.67238722
1
1
1
1
1
1
1
1
1
0.85726958
0.82745408
0.74985704
0.546346
0.5039552
0.50175396
0.50061845
0.4996291
0.49871951
0.49778473
0.67245183
1
1
1
1
1
1
1
1
1
0.85664
0.82642182
0.74487548
0.54395977
0.50403325
0.50186194
0.50071321
0.49970834
0.49877753
0.49781432
0.67252314
1
1
1
1
1
1
1
1
1
0.85605438
0.82541866
0.73972572
0.54165859
0.50410966
0.5019702
0.50081006
0.49979032
0.49883827
0.49784655
0.67260044
1
1
1
1
1
1
1
1
1
0.85551589
0.82444552
0.73441032
0.53944208
0.50418304
0.50207767
0.50090812
0.49987432
0.49890118
0.49788104
0.67268299
1
1
1
1
1
1
1
1
1
0.85502704
0.82350228
0.72893369
0.53730991
0.50425199
0.50218322
0.50100646
0.4999596
0.49896569
0.4979174
0.67276998
1
1
1
1
1
1
1
1
1
0.85458949
0.82258764
0.72330227
0.53526175
0.50431521
0.50228574
0.5011041
0.50004534
0.49903116
0.49795519
0.67286057
1
1
1
1
1
1
1
1
1
0.85420396
0.82169894
0.71752467
0.53329729
0.50437149
0.50238412
0.50120007
0.50013071
0.49909693
0.49799395
0.67295384
1
1
1
1
1
1
1
1
1
0.85387001
0.82083204
0.71161176
0.53141626
0.5044198
0.50247732
0.5012934
0.50021487
0.49916229
0.49803322
0.67304886
1
1
1
1
1
1
1
1
1
0.85358601
0.81998129
0.70557671
0.52961842
0.50445931
0.50256441
0.50138316
0.50029697
0.49922656
0.49807251
0.67314465
1
1
1
1
1
1
1
1
1
0.85334903
0.81913947
0.69943492
0.52790351
0.50448943
0.50264458
0.50146848
0.50037618
0.49928904
0.49811133
0.6732402
1
1
1
1
1
1
1
1
1
0.85315481
0.81829787
0.69320385
0.52627126
0.50450983
0.50271715
0.50154857
0.50045172
0.49934904
0.49814921
0.67333449
1
1
1
1
1
1
1
1
1
0.85299785
0.8174464
0.68690275
0.52472131
0.5045205
0.50278167
0.50162277
0.50052287
0.49940593
0.4981857
0.67342647
1
1
1
1
1
1
1
1
1
0.85287152
0.81657378
0.68055234
0.5232532
0.50452169
0.50283788
0.50169053
0.50058902
0.49945912
0.49822038
0.67351513
1
1
1
1
1
1
1
1
1
0.8527682
0.81566779
0.67417432
0.52186634
0.50451398
0.50288572
0.50175148
0.50064962
0.49950812
0.49825286
0.67359947
1
1
1
1
1
1
1
1
1
0.85267959
0.81471551
0.66779097
0.5205599
0.50449816
0.50292535
0.50180539
0.50070428
0.4995525
0.49828283
0.67367855
1
1
1
1
1
1
1
1
1
0.85259696
0.81370365
0.66142458
0.51933283
0.50447529
0.50295713
0.5018522
0.50075272
0.49959193
0.49831001
0.67375148
1
1
1
1
1
1
1
1
1
0.85251149
0.81261885
0.65509696
0.5181838
0.50444655
0.50298161
0.501892
0.50079478
0.49962621
0.49833419
0.67381748
1
1
1
1
1
1
1
1
1
0.85241461
0.81144791
0.64882898
0.5171112
0.50441328
0.50299946
0.50192503
0.50083046
0.49965522
0.49835523
0.67387583
1
1
1
1
1
1
1
1
1
0.85229828
0.81017808
0.64264018
0.5161131
0.50437683
0.50301148
0.50195167
0.50085988
0.49967898
0.49837305
0.67392597
1
1
1
1
1
1
1
1
1
0.85215533
0.80879722
0.63654841
0.51518728
0.5043386
0.50301856
0.5019724
0.50088327
0.49969759
0.49838765
0.67396744
1
1
1
1
1
1
1
1
1
0.85197966
0.80729395
0.63056962
0.51433125
0.50429989
0.50302162
0.50198779
0.50090096
0.49971125
0.49839905
0.67399993
1
1
1
1
1
1
1
1
1
0.85176641
0.80565773
0.62471768
0.51354226
0.50426195
0.50302157
0.50199846
0.50091339
0.49972027
0.49840736
0.67402327
1
1
1
1
1
1
1
1
1
0.85151214
0.80387893
0.61900436
0.51281738
0.50422588
0.50301933
0.50200509
0.50092105
0.49972499
0.49841272
0.67403743
1
1
1
1
1
1
1
1
1
0.85121484
0.80194882
0.61343934
0.51215348
0.50419265
0.50301573
0.50200835
0.50092448
0.49972584
0.49841529
0.67404253
1
1
1
1
1
1
1
1
1
0.85087393
0.79985957
0.60803026
0.5115473
0.50416307
0.50301157
0.50200893
0.50092425
0.49972327
0.49841528
0.67403882
1
1
1
1
1
1
1
1
1
0.85049029
0.79760418
0.60278288
0.51099551
0.50413776
0.50300753
0.50200746
0.50092097
0.49971775
0.49841291
0.67402666
1
1
1
1
1
1
1
1
1
0.85006612
0.79517649
0.59770124
0.51049469
0.50411718
0.50300422
0.50200456
0.50091521
0.49970976
0.49840839
0.67400655
1
1
1
1
1
1
1
1
1
0.84960487
0.79257106
0.59278784
0.51004141
0.50410163
0.50300211
0.50200079
0.50090754
0.4996998
0.49840196
0.67397905
1
1
1
1
1
1
1
1
1
0.84911113
0.78978319
0.58804383
0.5096322
0.50409121
0.5030016
0.50199664
0.50089848
0.4996883
0.49839385
0.67394481
1
1
1
1
1
1
1
1
1
0.8485905
0.78680887
0.58346922
0.50926362
0.50408589
0.50300293
0.50199254
0.50088854
0.49967569
0.49838427
0.67390455
1
1
1
1
1
1
1
1
1
0.84804941
0.78364473
0.57906306
0.5089322
0.50408544
0.50300626
0.50198882
0.50087814
0.49966237
0.49837343
0.67385902
1
1
1
1
1
1
1
1
1
0.84749502
0.78028807
0.57482361
0.50863452
0.5040895
0.5030116
0.50198573
0.50086764
0.49964866
0.4983615
0.67380898
1
1
1
1
1
1
1
1
1
0.84693504
0.77673687
0.57074852
0.50836715
0.50409755
0.50301886
0.50198344
0.50085734
0.49963484
0.49834864
0.67375521
1
1
1
1
1
1
1
1
1
0.84637758
0.77298982
0.56683493
0.50812669
0.50410892
0.50302782
0.50198202
0.50084747
0.49962113
0.498335
0.67369846
1
1
1
1
1
1
1
1
1
0.84583093
0.7690464
0.56307965
0.50790978
0.5041228
0.50303815
0.50198142
0.50083814
0.49960768
0.49832068
0.67363946
1
1
1
1
1
1
1
1
1
0.84530342
0.76490693
0.55947923
0.50771306
0.50413826
0.50304939
0.50198153
0.5008294
0.49959456
0.49830574
0.67357887
1
1
1
1
1
1
1
1
1
0.84480314
0.76057267
0.55603006
0.50753323
0.50415423
0.50306098
0.50198209
0.50082121
0.49958178
0.49829025
0.67351732
1
1
1
1
1
1
1
1
1
0.84433775
0.75604598
0.55272846
0.50736705
0.50416955
0.50307224
0.50198278
0.50081341
0.49956927
0.49827419
0.67345532
1
1
1
1
1
1
1
1
1
0.84391419
0.75133038
0.54957075
0.50721134
0.50418296
0.5030824
0.50198316
0.50080579
0.4995569
0.49825755
0.67339334
1
1
1
1
1
1
1
1
1
0.84353843
0.74643074
0.54655326
0.50706306
0.50419316
0.50309062
0.5019827
0.50079802
0.49954445
0.49824026
0.67333172
1
1
1
1
1
1
1
1
1
0.84321513
0.74135334
0.54367243
0.50691929
0.50419879
0.50309597
0.50198081
0.50078969
0.49953163
0.49822222
0.67327071
1
1
1
1
1
1
1
1
1
0.84294741
0.73610603
0.54092479
0.50677733
0.50419851
0.5030975
0.5019768
0.50078032
0.49951811
0.49820329
0.67321045
1
1
1
1
1
1
1
1
1
0.84273653
0.73069829
0.538307
0.5066347
0.50419102
0.50309423
0.50196996
0.50076938
0.49950349
0.49818332
0.67315099
1
1
1
1
1
1
1
1
1
0.84258164
0.72514128
0.53581587
0.50648923
0.5041751
0.50308518
0.50195953
0.50075625
0.4994873
0.4981621
0.67309224
1
1
1
1
1
1
1
1
1
0.84247961
0.71944783
0.53344833
0.50633908
0.50414967
0.50306943
0.50194473
0.50074031
0.49946908
0.49813942
0.67303403
1
1
1
1
1
1
1
1
1
0.84242488
0.71363239
0.53120143
0.50618277
0.50411379
0.50304613
0.50192481
0.50072091
0.49944831
0.49811505
0.67297607
1
1
1
1
1
1
1
1
1
0.84240941
0.70771089
0.52907232
0.50601927
0.50406676
0.50301452
0.50189905
0.5006974
0.49942448
0.49808875
0.672918
1
1
1
1
1
1
1
1
1
0.84242276
0.70170057
0.52705821
0.50584795
0.50400811
0.50297401
0.5018668
0.50066914
0.49939708
0.49806027
0.67285936
1
1
1
1
1
1
1
1
1
0.84245226
0.69561971
0.52515631
0.50566861
0.50393763
0.50292414
0.5018275
0.50063556
0.49936564
0.49802938
0.67279963
1
1
1
1
1
1
1
1
1
0.84248329
0.68948732
0.52336382
0.50548147
0.50385539
0.50286464
0.50178069
0.50059614
0.4993297
0.49799587
0.67273827
1
1
1
1
1
1
1
1
1
0.84249961
0.68332281
0.52167786
0.50528713
0.5037617
0.50279543
0.50172604
0.50055045
0.4992889
0.49795955
0.67267467
1
1
1
1
1
1
1
1
1
0.84248387
0.6771456
0.52009542
0.50508649
0.50365715
0.50271662
0.50166336
0.50049815
0.49924292
0.49792026
0.67260823
1
1
1
1
1
1
1
1
1
0.84241804
0.67097476
0.51861335
0.50488073
0.50354255
0.5026285
0.5015926
0.50043902
0.49919154
0.4978779
0.67253836
1
1
1
1
1
1
1
1
1
0.84228396
0.66482864
0.5172283
0.50467121
0.50341887
0.50253154
0.50151385
0.50037295
0.49913462
0.49783239
0.67246451
1
1
1
1
1
1
1
1
1
0.84206379
0.65872458
0.51593675
0.50445938
0.50328727
0.50242635
0.50142733
0.50029995
0.49907213
0.49778372
0.67238618
1
1
1
1
1
1
1
1
1
0.84174049
0.65267861
0.51473495
0.50424678
0.50314895
0.50231366
0.50133341
0.50022014
0.49900412
0.49773193
0.67230291
1
1
1
1
1
1
1
1
1
0.84129814
0.64670528
0.51361903
0.50403487
0.5030052
0.50219429
0.50123255
0.50013378
0.49893076
0.4976771
0.67221438
1
1
1
1
1
1
1
1
1
0.84072228
0.64081749
0.51258492
0.50382507
0.50285729
0.50206914
0.5011253
0.5000412
0.49885229
0.49761935
0.67212031
1
1
1
1
1
1
1
1
1
0.84000007
0.63502643
0.51162848
0.50361868
0.50270647
0.50193912
0.50101228
0.49994284
0.49876905
0.49755887
0.67202058
1
1
1
1
1
1
1
1
1
0.83912042
0.62934161
0.51074549
0.50341685
0.50255393
0.50180514
0.50089417
0.4998392
0.49868142
0.49749586
0.67191514
1
1
1
1
1
1
1
1
1
0.83807403
0.62377084
0.5099317
0.50322056
0.50240076
0.50166813
0.50077169
0.49973086
0.49858987
0.49743057
0.67180407
1
1
1
1
1
1
1
1
1
0.83685333
0.61832037
0.50918289
0.50303064
0.50224797
0.50152895
0.50064556
0.49961841
0.4984949
0.49736326
0.67168758
1
1
1
1
1
1
1
1
1
0.83545245
0.612995
0.50849489
0.50284772
0.50209643
0.50138843
0.50051651
0.49950251
0.49839703
0.4972942
0.67156595
1
1
1
1
1
1
1
1
1
0.83386707
0.60779823
0.50786361
0.5026723
0.50194692
0.50124732
0.50038525
0.49938381
0.49829683
0.4972237
0.67143959
1
1
1
1
1
1
1
1
1
0.83209428
0.60273243
0.50728508
0.5025047
0.50180008
0.50110633
0.50025248
0.49926297
0.49819485
0.49715205
0.67130898
1
1
1
1
1
1
1
1
1
0.83013247
0.59779897
0.50675542
0.50234509
0.50165644
0.50096608
0.50011884
0.49914063
0.49809165
0.49707955
0.67117469
1
1
1
1
1
1
1
1
1
0.82798119
0.59299842
0.5062709
0.50219351
0.50151641
0.50082712
0.49998496
0.49901743
0.49798776
0.49700649
0.67103734
1
1
1
1
1
1
1
1
1
0.82564102
0.58833071
0.50582788
0.50204986
0.50138031
0.50068991
0.4998514
0.49889396
0.4978837
0.49693316
0.6708976
1
1
1
1
1
1
1
1
1
0.82311345
0.58379522
0.50542285
0.50191391
0.50124832
0.50055486
0.49971869
0.49877078
0.49777995
0.49685984
0.67075619
1
1
1
1
1
1
1
1
1
0.82040083
0.57939097
0.50505237
0.50178532
0.50112051
0.50042226
0.49958727
0.49864841
0.49767698
0.49678677
0.67061384
1
1
1
1
1
1
1
1
1
0.81750629
0.57511668
0.5047131
0.5016636
0.50099687
0.50029235
0.49945754
0.49852733
0.49757519
0.49671421
0.67047126
1
1
1
1
1
1
1
1
1
0.81602043
0.57302356
0.50455154
0.50160465
0.50093637
0.5002284
0.49939345
0.49846745
0.49752487
0.49667826
0.67040036
1
1
1
1
1
1
1
1
1
