!==========>>>>> INFO
# title
Multi-Phase 2D Injection

# linfo
1 1 1 1

# samples
1

# FD_eps
1e-8

# runmode
0

# active : pres, satn
# PROPS=CO2seq
# USER=none

# file output: hdf tec vtk

# timestep control
1 
1.0 1.0 1.0 0.0 

# variable step size
1
100.0 1e-6 864000.0 63072000 1
! delt_start delt_min delt_max t_end doubling time

!# tstart
16588800.00

!31536000.00

!# time periods, records=1
! 0.0    8640.0  10   1


!==========>>>>>  NONLINEAR SOLVER
# nlsolve
40 0
!15  0


!==========>>>>>  FLOW
# lsolvef  (linear solver control)
1.0d-17 48  1000
!1.0d-14 48  200
!1.0d-17 48  200
!1.0d-14 64  100
# nliterf (nonlinear iteration control)
1.0d-6 1.0
!1.0d-10 1.0
!1.0d-6 1.0

==========>>>>>  EPOT
# lsolvee  (linear solver control)
1.0d-14 67   500
# nlitere (nonlinear iteration control)
1.0d-12 1.0

# epot bcd, records=1
241 2 1 0.d0 0
!ref potential

!==========>>>>>   TEMPERATURE
# lsolvet  (linear solver control)
1.d-16  64  500
# nlitert(nonlinear iteration control)
1.0d-02 0.5

# pres bcd, simple=right, value=init

# satn bcd, simple=right, value=init

!==========>>>>>   UNIT DESCRIPTION

!por, a_kx, a_ky, kz, comp, a_lx, a_ly, lz, q, rc, df, ec, lc, bcl, bcpd, s_nr,
s_wr, hbc, tbc, cbc, ebc, snbc, tp, sbc (24 values)
# units 
.2  1.d0 1.d0 1.D-12  9* 2 0.0 0.0 0.0 0.0d0 0.0d0
! .2  1.d0 1.d0 1.D-12  9* 2 1.0e3 0.05 0.2 2.91e-7 2.0e-9

!# monitor, records=246
   1     1     1     1
   1     1     2     1
   1     1     3     1
   1     1     4     1
   1     1     5     1
   1     1     6     1
   1     1     7     1
   1     1     8     1
   1     1     9     1
   1     1    10     1
   1     1    11     1
   1     1    12     1
   1     1    13     1
   1     1    14     1
   1     1    15     1
   1     1    16     1
   1     1    17     1
   1     1    18     1
   1     1    19     1
   1     1    20     1
   1     1    21     1
   1     1    22     1
   1     1    23     1
   1     1    24     1
   1     1    25     1
   1     1    26     1
   1     1    27     1
   1     1    28     1
   1     1    29     1
   1     1    30     1
   1     1    31     1
   1     1    32     1
   1     1    33     1
   1     1    34     1
   1     1    35     1
   1     1    36     1
   1     1    37     1
   1     1    38     1
   1     1    39     1
   1     1    40     1
   1     1    41     1
   1     2     1     1
   1     2     2     1
   1     2     3     1
   1     2     4     1
   1     2     5     1
   1     2     6     1
   1     2     7     1
   1     2     8     1
   1     2     9     1
   1     2    10     1
   1     2    11     1
   1     2    12     1
   1     2    13     1
   1     2    14     1
   1     2    15     1
   1     2    16     1
   1     2    17     1
   1     2    18     1
   1     2    19     1
   1     2    20     1
   1     2    21     1
   1     2    22     1
   1     2    23     1
   1     2    24     1
   1     2    25     1
   1     2    26     1
   1     2    27     1
   1     2    28     1
   1     2    29     1
   1     2    30     1
   1     2    31     1
   1     2    32     1
   1     2    33     1
   1     2    34     1
   1     2    35     1
   1     2    36     1
   1     2    37     1
   1     2   38     1
   1     2    39     1
   1     2    40     1
   1     2    41     1
   101     1     1     1
   101     1     2     1
   101     1     3     1
   101     1     4     1
   101     1     5     1
   101     1     6     1
   101     1     7     1
   101     1     8     1
   101     1     9     1
   101     1    10     1
   101     1    11     1
   101     1    12     1
   101     1    13     1
   101     1    14     1
   101     1    15     1
   101     1    16     1
   101     1    17     1
   101     1    18     1
   101     1    19     1
   101     1    20     1
   101     1    21     1
   101     1    22     1
   101     1    23     1
   101     1    24     1
   101     1    25     1
   101     1    26     1
   101     1    27     1
   101     1    28     1
   101     1    29     1
   101     1    30     1
   101     1    31     1
   101     1    32     1
   101     1    33     1
   101     1    34     1
   101     1    35     1
   101     1    36     1
   101     1    37     1
   101     1    38     1
   101     1    39     1
   101     1    40     1
   101     1    41     1
   101     2     1     1
   101     2     2     1
   101     2     3     1
   101     2     4     1
   101     2     5     1
   101     2     6     1
   101     2     7     1
   101     2     8     1
   101     2     9     1
   101     2    10     1
   101     2    11     1
   101     2    12     1
   101     2    13     1
   101     2    14     1
   101     2    15     1
   101     2    16     1
   101     2    17     1
   101     2    18     1
   101     2    19     1
   101     2    20     1
   101     2    21     1
   101     2    22     1
   101     2    23     1
   101     2    24     1
   101     2    25     1
   101     2    26     1
   101     2    27     1
   101     2    28     1
   101     2    29     1
   101     2    30     1
   101     2    31     1
   101     2    32     1
   101     2    33     1
   101     2    34     1
   101     2    35     1
   101     2    36     1
   101     2    37     1
   101     2    38     1
   101     2    39     1
   101     2    40     1
   101     2    41     1
   201     1     1     1
   201     1     2     1
   201     1     3     1
   201     1     4     1
   201     1     5     1
   201     1     6     1
   201     1     7     1
   201     1     8     1
   201     1     9     1
   201     1    10     1
   201     1    11     1
   201     1    12     1
   201     1    13     1
   201     1    14     1
   201     1    15     1
   201     1    16     1
   201     1    17     1
   201     1    18     1
   201     1    19     1
   201     1    20     1
   201     1    21     1
   201     1    22     1
   201     1    23     1
   201     1    24     1
   201     1    25     1
   201     1    26     1
   201     1    27     1
   201     1    28     1
   201     1    29     1
   201     1    30     1
   201     1    31     1
   201     1    32     1
   201     1    33     1
   201     1    34     1
   201     1    35     1
   201     1    36     1
   201     1    37     1
   201     1    38     1
   201     1    39     1
   201     1    40     1
   201     1    41     1
   201     2     1     1
   201     2     2     1
   201     2     3     1
   201     2     4     1
   201     2     5     1
   201     2     6     1
   201     2     7     1
   201     2     8     1
   201     2     9     1
   201     2    10     1
   201     2    11     1
   201     2    12     1
   201     2    13     1
   201     2    14     1
   201     2    15     1
   201     2    16     1
   201     2    17     1
   201     2    18     1
   201     2    19     1
   201     2    20     1
   201     2    21     1
   201     2    22     1
   201     2    23     1
   201     2    24     1
   201     2    25     1
   201     2    26     1
   201     2    27     1
   201     2    28     1
   201     2    29     1
   201     2    30     1
   201     2    31     1
   201     2    32     1
   201     2    33     1
   201     2    34     1
   201     2    35     1
   201     2    36     1
   201     2    37     1
   201     2    38     1
   201     2    39     1
   201     2    40     1
   201     2    41     1

!==========>>>>>   INITIAL VALUES 

!==========>>>>>   GENERAL 
# grav
9.81

! rho_w, compressibility, rho*cp, lambda_w, mu_w, electric conductivity (6 values)
# fluid props
1000.0 5.0d-8 4218.0d0 0.65d0 1.0d-3 0.02d0

! rho_n, mu_n
# gas props
454.4d0 3.29d-5

# output times, records=731
         100
       86400
      172800
      259200
      345600
      432000
      518400
      604800
      691200
      777600
      864000
      950400
     1036800
     1123200
     1209600
     1296000
     1382400
     1468800
     1555200
     1641600
     1728000
     1814400
     1900800
     1987200
     2073600
     2160000
     2246400
     2332800
     2419200
     2505600
     2592000
     2678400
     2764800
     2851200
     2937600
     3024000
     3110400
     3196800
     3283200
     3369600
     3456000
     3542400
     3628800
     3715200
     3801600
     3888000
     3974400
     4060800
     4147200
     4233600
     4320000
     4406400
     4492800
     4579200
     4665600
     4752000
     4838400
     4924800
     5011200
     5097600
     5184000
     5270400
     5356800
     5443200
     5529600
     5616000
     5702400
     5788800
     5875200
     5961600
     6048000
     6134400
     6220800
     6307200
     6393600
     6480000
     6566400
     6652800
     6739200
     6825600
     6912000
     6998400
     7084800
     7171200
     7257600
     7344000
     7430400
     7516800
     7603200
     7689600
     7776000
     7862400
     7948800
     8035200
     8121600
     8208000
     8294400
     8380800
     8467200
     8553600
     8640000
     8726400
     8812800
     8899200
     8985600
     9072000
     9158400
     9244800
     9331200
     9417600
     9504000
     9590400
     9676800
     9763200
     9849600
     9936000
    10022400
    10108800
    10195200
    10281600
    10368000
    10454400
    10540800
    10627200
    10713600
    10800000
    10886400
    10972800
    11059200
    11145600
    11232000
    11318400
    11404800
    11491200
    11577600
    11664000
    11750400
    11836800
    11923200
    12009600
    12096000
    12182400
    12268800
    12355200
    12441600
    12528000
    12614400
    12700800
    12787200
    12873600
    12960000
    13046400
    13132800
    13219200
    13305600
    13392000
    13478400
    13564800
    13651200
    13737600
    13824000
    13910400
    13996800
    14083200
    14169600
    14256000
    14342400
    14428800
    14515200
    14601600
    14688000
    14774400
    14860800
    14947200
    15033600
    15120000
    15206400
    15292800
    15379200
    15465600
    15552000
    15638400
    15724800
    15811200
    15897600
    15984000
    16070400
    16156800
    16243200
    16329600
    16416000
    16502400
    16588800
    16675200
    16761600
    16848000
    16934400
    17020800
    17107200
    17193600
    17280000
    17366400
    17452800
    17539200
    17625600
    17712000
    17798400
    17884800
    17971200
    18057600
    18144000
    18230400
    18316800
    18403200
    18489600
    18576000
    18662400
    18748800
    18835200
    18921600
    19008000
    19094400
    19180800
    19267200
    19353600
    19440000
    19526400
    19612800
    19699200
    19785600
    19872000
    19958400
    20044800
    20131200
    20217600
    20304000
    20390400
    20476800
    20563200
    20649600
    20736000
    20822400
    20908800
    20995200
    21081600
    21168000
    21254400
    21340800
    21427200
    21513600
    21600000
    21686400
    21772800
    21859200
    21945600
    22032000
    22118400
    22204800
    22291200
    22377600
    22464000
    22550400
    22636800
    22723200
    22809600
    22896000
    22982400
    23068800
    23155200
    23241600
    23328000
    23414400
    23500800
    23587200
    23673600
    23760000
    23846400
    23932800
    24019200
    24105600
    24192000
    24278400
    24364800
    24451200
    24537600
    24624000
    24710400
    24796800
    24883200
    24969600
    25056000
    25142400
    25228800
    25315200
    25401600
    25488000
    25574400
    25660800
    25747200
    25833600
    25920000
    26006400
    26092800
    26179200
    26265600
    26352000
    26438400
    26524800
    26611200
    26697600
    26784000
    26870400
    26956800
    27043200
    27129600
    27216000
    27302400
    27388800
    27475200
    27561600
    27648000
    27734400
    27820800
    27907200
    27993600
    28080000
    28166400
    28252800
    28339200
    28425600
    28512000
    28598400
    28684800
    28771200
    28857600
    28944000
    29030400
    29116800
    29203200
    29289600
    29376000
    29462400
    29548800
    29635200
    29721600
    29808000
    29894400
    29980800
    30067200
    30153600
    30240000
    30326400
    30412800
    30499200
    30585600
    30672000
    30758400
    30844800
    30931200
    31017600
    31104000
    31190400
    31276800
    31363200
    31449600
    31536000     
    31622400
    31708800
    31795200
    31881600
    31968000
    32054400
    32140800
    32227200
    32313600
    32400000
    32486400
    32572800
    32659200
    32745600
    32832000
    32918400
    33004800
    33091200
    33177600
    33264000
    33350400
    33436800
    33523200
    33609600
    33696000
    33782400
    33868800
    33955200
    34041600
    34128000
    34214400
    34300800
    34387200
    34473600
    34560000
    34646400
    34732800
    34819200
    34905600
    34992000
    35078400
    35164800
    35251200
    35337600
    35424000
    35510400
    35596800
    35683200
    35769600
    35856000
    35942400
    36028800
    36115200
    36201600
    36288000
    36374400
    36460800
    36547200
    36633600
    36720000
    36806400
    36892800
    36979200
    37065600
    37152000
    37238400
    37324800
    37411200
    37497600
    37584000
    37670400
    37756800
    37843200
    37929600
    38016000
    38102400
    38188800
    38275200
    38361600
    38448000
    38534400
    38620800
    38707200
    38793600
    38880000
    38966400
    39052800
    39139200
    39225600
    39312000
    39398400
    39484800
    39571200
    39657600
    39744000
    39830400
    39916800
    40003200
    40089600
    40176000
    40262400
    40348800
    40435200
    40521600
    40608000
    40694400
    40780800
    40867200
    40953600
    41040000
    41126400
    41212800
    41299200
    41385600
    41472000
    41558400
    41644800
    41731200
    41817600
    41904000
    41990400
    42076800
    42163200
    42249600
    42336000
    42422400
    42508800
    42595200
    42681600
    42768000
    42854400
    42940800
    43027200
    43113600
    43200000
    43286400
    43372800
    43459200
    43545600
    43632000
    43718400
    43804800
    43891200
    43977600
    44064000
    44150400
    44236800
    44323200
    44409600
    44496000
    44582400
    44668800
    44755200
    44841600
    44928000
    45014400
    45100800
    45187200
    45273600
    45360000
    45446400
    45532800
    45619200
    45705600
    45792000
    45878400
    45964800
    46051200
    46137600
    46224000
    46310400
    46396800
    46483200
    46569600
    46656000
    46742400
    46828800
    46915200
    47001600
    47088000
    47174400
    47260800
    47347200
    47433600
    47520000
    47606400
    47692800
    47779200
    47865600
    47952000
    48038400
    48124800
    48211200
    48297600
    48384000
    48470400
    48556800
    48643200
    48729600
    48816000
    48902400
    48988800
    49075200
    49161600
    49248000
    49334400
    49420800
    49507200
    49593600
    49680000
    49766400
    49852800
    49939200
    50025600
    50112000
    50198400
    50284800
    50371200
    50457600
    50544000
    50630400
    50716800
    50803200
    50889600
    50976000
    51062400
    51148800
    51235200
    51321600
    51408000
    51494400
    51580800
    51667200
    51753600
    51840000
    51926400
    52012800
    52099200
    52185600
    52272000
    52358400
    52444800
    52531200
    52617600
    52704000
    52790400
    52876800
    52963200
    53049600
    53136000
    53222400
    53308800
    53395200
    53481600
    53568000
    53654400
    53740800
    53827200
    53913600
    54000000
    54086400
    54172800
    54259200
    54345600
    54432000
    54518400
    54604800
    54691200
    54777600
    54864000
    54950400
    55036800
    55123200
    55209600
    55296000
    55382400
    55468800
    55555200
    55641600
    55728000
    55814400
    55900800
    55987200
    56073600
    56160000
    56246400
    56332800
    56419200
    56505600
    56592000
    56678400
    56764800
    56851200
    56937600
    57024000
    57110400
    57196800
    57283200
    57369600
    57456000
    57542400
    57628800
    57715200
    57801600
    57888000
    57974400
    58060800
    58147200
    58233600
    58320000
    58406400
    58492800
    58579200
    58665600
    58752000
    58838400
    58924800
    59011200
    59097600
    59184000
    59270400
    59356800
    59443200
    59529600
    59616000
    59702400
    59788800
    59875200
    59961600
    60048000
    60134400
    60220800
    60307200
    60393600
    60480000
    60566400
    60652800
    60739200
    60825600
    60912000
    60998400
    61084800
    61171200
    61257600
    61344000
    61430400
    61516800
    61603200
    61689600
    61776000
    61862400
    61948800
    62035200
    62121600
    62208000
    62294400
    62380800
    62467200
    62553600
    62640000
    62726400
    62812800
    62899200
    62985600
    63072000 
!====================================================================================
# grid
384 1 64

# delx
384*1.56250000000000000

# dely
1*1.00000000000000000

# delz
64*1.56250000000000000

# uindex
24576*1

# temp init
24576*30.00000000000000000

# epot init
24576*0.00000000000000000

# satn bcn, records=7, bctp=1
1 1 1 .03000000000000000
1 1 2 .03000000000000000
1 1 3 .03000000000000000
1 1 4 .03000000000000000
1 1 5 .03000000000000000
1 1 6 .03000000000000000
1 1 7 .03000000000000000

# bc time periods, records=1
1 1
2592000.0 0.0d0 1.0d0 off

# pres init
384*9.00000000000000000
384*8.98412698412698418
384*8.96825396825396837
384*8.95238095238095255
384*8.93650793650793673
384*8.92063492063492092
384*8.90476190476190510
384*8.88888888888888928
384*8.87301587301587169
384*8.85714285714285765
384*8.84126984126984183
384*8.82539682539682602
384*8.80952380952381020
384*8.79365079365079438
384*8.77777777777777857
384*8.76190476190476097
384*8.74603174603174516
384*8.73015873015873112
384*8.71428571428571530
384*8.69841269841269948
384*8.68253968253968189
384*8.66666666666666607
384*8.65079365079365026
384*8.63492063492063444
384*8.61904761904761862
384*8.60317460317460458
384*8.58730158730158699
384*8.57142857142857117
384*8.55555555555555536
384*8.53968253968253954
384*8.52380952380952372
384*8.50793650793650791
384*8.49206349206349209
384*8.47619047619047628
384*8.46031746031746046
384*8.44444444444444464
384*8.42857142857142883
384*8.41269841269841301
384*8.39682539682539719
384*8.38095238095238138
384*8.36507936507936556
384*8.34920634920634974
384*8.33333333333333393
384*8.31746031746031633
384*8.30158730158730052
384*8.28571428571428648
384*8.26984126984127066
384*8.25396825396825484
384*8.23809523809523903
384*8.22222222222222143
384*8.20634920634920562
384*8.19047619047618980
384*8.17460317460317398
384*8.15873015873015994
384*8.14285714285714413
384*8.12698412698412653
384*8.11111111111111072
384*8.09523809523809490
384*8.07936507936507908
384*8.06349206349206327
384*8.04761904761904745
384*8.03174603174603163
384*8.01587301587301582
384*8.00000000000000000

# satn init
384*-.06337743361686148
384*-.06336416403899721
384*-.06335089496624206
384*-.06333762639856726
384*-.06332435833594388
384*-.06331109077834315
384*-.06329782372573622
384*-.06328455717809425
384*-.06327129113538842
384*-.06325802559758989
384*-.06324476056466984
384*-.06323149603659947
384*-.06321823201334992
384*-.06320496849489241
384*-.06319170548119810
384*-.06317844297223818
384*-.06316518096798386
384*-.06315191946840630
384*-.06313865847347670
384*-.06312539798316627
384*-.06311213799744619
384*-.06309887851628769
384*-.06308561953966192
384*-.06307236106754012
384*-.06305910309989350
384*-.06304584563669326
384*-.06303258867791059
384*-.06301933222351673
384*-.06300607627348287
384*-.06299282082778027
384*-.06297956588638010
384*-.06296631144925360
384*-.06295305751637201
384*-.06293980408770652
384*-.06292655116322840
384*-.06291329874290885
384*-.06290004682671911
384*-.06288679541463042
384*-.06287354450661402
384*-.06286029410264113
384*-.06284704420268301
384*-.06283379480671088
384*-.06282054591469602
384*-.06280729752660966
384*-.06279404964242304
384*-.06278080226210740
384*-.06276755538563406
384*-.06275430901297420
384*-.06274106314409911
384*-.06272781777898005
384*-.06271457291758828
384*-.06270132855989509
384*-.06268808470587170
384*-.06267484135548942
384*-.06266159850871950
384*-.06264835616553323
384*-.06263511432590187
384*-.06262141378159691
384*-.06260664238618463
384*-.06259187169532551
384*-.06257710170896917
384*-.06256233242706521
384*-.06254756384956320
384*-.06253279597641277
