%# X, Y, Z, T (deg C)
%# Time: 1.0E9
0.0	0.0	0.0	159.99998474121094
25.0	0.0	0.0	160.18984985351562
25.0	1000.0	0.0	160.18984985351562
0.0	1000.0	0.0	159.99998474121094
0.0	0.0	100.0	159.99998474121094
25.0	0.0	100.0	160.18984985351562
25.0	1000.0	100.0	160.18984985351562
0.0	1000.0	100.0	159.99998474121094
50.0	0.0	0.0	160.70909881591797
50.0	1000.0	0.0	160.70909881591797
50.0	0.0	100.0	160.70909881591797
50.0	1000.0	100.0	160.70909881591797
75.0	0.0	0.0	161.51718139648438
75.0	1000.0	0.0	161.51718139648438
75.0	0.0	100.0	161.51718139648438
75.0	1000.0	100.0	161.51718139648438
100.0	0.0	0.0	162.61612701416016
100.0	1000.0	0.0	162.61612701416016
100.0	0.0	100.0	162.61612701416016
100.0	1000.0	100.0	162.61612701416016
125.0	0.0	0.0	163.95427703857422
125.0	1000.0	0.0	163.95427703857422
125.0	0.0	100.0	163.95427703857422
125.0	1000.0	100.0	163.95427703857422
150.0	0.0	0.0	165.4023666381836
150.0	1000.0	0.0	165.4023666381836
150.0	0.0	100.0	165.4023666381836
150.0	1000.0	100.0	165.4023666381836
175.0	0.0	0.0	166.7729034423828
175.0	1000.0	0.0	166.7729034423828
175.0	0.0	100.0	166.7729034423828
175.0	1000.0	100.0	166.7729034423828
200.0	0.0	0.0	167.89163208007812
200.0	1000.0	0.0	167.89163208007812
200.0	0.0	100.0	167.89163208007812
200.0	1000.0	100.0	167.89163208007812
225.0	0.0	0.0	168.67278289794922
225.0	1000.0	0.0	168.67278289794922
225.0	0.0	100.0	168.67278289794922
225.0	1000.0	100.0	168.67278289794922
250.0	0.0	0.0	169.1380615234375
250.0	1000.0	0.0	169.1380615234375
250.0	0.0	100.0	169.1380615234375
250.0	1000.0	100.0	169.1380615234375
275.0	0.0	0.0	169.37493896484375
275.0	1000.0	0.0	169.37493896484375
275.0	0.0	100.0	169.37493896484375
275.0	1000.0	100.0	169.37493896484375
300.0	0.0	0.0	169.478515625
300.0	1000.0	0.0	169.478515625
300.0	0.0	100.0	169.478515625
300.0	1000.0	100.0	169.478515625
325.0	0.0	0.0	169.51763916015625
325.0	1000.0	0.0	169.51763916015625
325.0	0.0	100.0	169.51763916015625
325.0	1000.0	100.0	169.51763916015625
350.0	0.0	0.0	169.53048706054688
350.0	1000.0	0.0	169.53048706054688
350.0	0.0	100.0	169.53048706054688
350.0	1000.0	100.0	169.53048706054688
375.0	0.0	0.0	169.53417205810547
375.0	1000.0	0.0	169.53417205810547
375.0	0.0	100.0	169.53417205810547
375.0	1000.0	100.0	169.53417205810547
400.0	0.0	0.0	169.53508758544922
400.0	1000.0	0.0	169.53508758544922
400.0	0.0	100.0	169.53508758544922
400.0	1000.0	100.0	169.53508758544922
425.0	0.0	0.0	169.5352783203125
425.0	1000.0	0.0	169.5352783203125
425.0	0.0	100.0	169.5352783203125
425.0	1000.0	100.0	169.5352783203125
450.0	0.0	0.0	169.53530883789062
450.0	1000.0	0.0	169.53530883789062
450.0	0.0	100.0	169.53530883789062
450.0	1000.0	100.0	169.53530883789062
475.0	0.0	0.0	169.5353012084961
475.0	1000.0	0.0	169.5353012084961
475.0	0.0	100.0	169.5353012084961
475.0	1000.0	100.0	169.5353012084961
500.0	0.0	0.0	169.53529357910156
500.0	1000.0	0.0	169.53529357910156
500.0	0.0	100.0	169.53529357910156
500.0	1000.0	100.0	169.53529357910156
525.0	0.0	0.0	169.53528594970703
525.0	1000.0	0.0	169.53528594970703
525.0	0.0	100.0	169.53528594970703
525.0	1000.0	100.0	169.53528594970703
550.0	0.0	0.0	169.53527069091797
550.0	1000.0	0.0	169.53527069091797
550.0	0.0	100.0	169.53527069091797
550.0	1000.0	100.0	169.53527069091797
575.0	0.0	0.0	169.53526306152344
575.0	1000.0	0.0	169.53526306152344
575.0	0.0	100.0	169.53526306152344
575.0	1000.0	100.0	169.53526306152344
600.0	0.0	0.0	169.53526306152344
600.0	1000.0	0.0	169.53526306152344
600.0	0.0	100.0	169.53526306152344
600.0	1000.0	100.0	169.53526306152344
625.0	0.0	0.0	169.53526306152344
625.0	1000.0	0.0	169.53526306152344
625.0	0.0	100.0	169.53526306152344
625.0	1000.0	100.0	169.53526306152344
650.0	0.0	0.0	169.5352554321289
650.0	1000.0	0.0	169.5352554321289
650.0	0.0	100.0	169.5352554321289
650.0	1000.0	100.0	169.5352554321289
675.0	0.0	0.0	169.53524780273438
675.0	1000.0	0.0	169.53524780273438
675.0	0.0	100.0	169.53524780273438
675.0	1000.0	100.0	169.53524780273438
700.0	0.0	0.0	169.53524780273438
700.0	1000.0	0.0	169.53524780273438
700.0	0.0	100.0	169.53524780273438
700.0	1000.0	100.0	169.53524780273438
725.0	0.0	0.0	169.53524017333984
725.0	1000.0	0.0	169.53524017333984
725.0	0.0	100.0	169.53524017333984
725.0	1000.0	100.0	169.53524017333984
750.0	0.0	0.0	169.5352325439453
750.0	1000.0	0.0	169.5352325439453
750.0	0.0	100.0	169.5352325439453
750.0	1000.0	100.0	169.5352325439453
775.0	0.0	0.0	169.5352325439453
775.0	1000.0	0.0	169.5352325439453
775.0	0.0	100.0	169.5352325439453
775.0	1000.0	100.0	169.5352325439453
800.0	0.0	0.0	169.5352325439453
800.0	1000.0	0.0	169.5352325439453
800.0	0.0	100.0	169.5352325439453
800.0	1000.0	100.0	169.5352325439453
825.0	0.0	0.0	169.5352325439453
825.0	1000.0	0.0	169.5352325439453
825.0	0.0	100.0	169.5352325439453
825.0	1000.0	100.0	169.5352325439453
850.0	0.0	0.0	169.5352325439453
850.0	1000.0	0.0	169.5352325439453
850.0	0.0	100.0	169.5352325439453
850.0	1000.0	100.0	169.5352325439453
875.0	0.0	0.0	169.5352325439453
875.0	1000.0	0.0	169.5352325439453
875.0	0.0	100.0	169.5352325439453
875.0	1000.0	100.0	169.5352325439453
900.0	0.0	0.0	169.5352325439453
900.0	1000.0	0.0	169.5352325439453
900.0	0.0	100.0	169.5352325439453
900.0	1000.0	100.0	169.5352325439453
925.0	0.0	0.0	169.5352325439453
925.0	1000.0	0.0	169.5352325439453
925.0	0.0	100.0	169.5352325439453
925.0	1000.0	100.0	169.5352325439453
950.0	0.0	0.0	169.5352325439453
950.0	1000.0	0.0	169.5352325439453
950.0	0.0	100.0	169.5352325439453
950.0	1000.0	100.0	169.5352325439453
975.0	0.0	0.0	169.5352325439453
975.0	1000.0	0.0	169.5352325439453
975.0	0.0	100.0	169.5352325439453
975.0	1000.0	100.0	169.5352325439453
1000.0	0.0	0.0	169.5352325439453
1000.0	1000.0	0.0	169.5352325439453
1000.0	0.0	100.0	169.5352325439453
1000.0	1000.0	100.0	169.5352325439453
