    1 , 0.100000E+03 ,     1 , 0.8593E+07 , 0.3000E+03 , 0.9853E-02 , 0.0000E+00 ,    45 , 0.8593E+07 , 0.3000E+03 , 0.1000E-01 , 0.0000E+00 ,   100 , 0.8593E+07 , 0.3000E+03 , 0.1015E-01 , 0.0000E+00 , 
    2 , 0.300000E+03 ,     1 , 0.8593E+07 , 0.3000E+03 , 0.9559E-02 , 0.0000E+00 ,    45 , 0.8593E+07 , 0.3000E+03 , 0.1000E-01 , 0.0000E+00 ,   100 , 0.8593E+07 , 0.3000E+03 , 0.1044E-01 , 0.0000E+00 , 
    3 , 0.700000E+03 ,     1 , 0.8592E+07 , 0.3000E+03 , 0.8971E-02 , 0.0000E+00 ,    45 , 0.8593E+07 , 0.3000E+03 , 0.1000E-01 , 0.0000E+00 ,   100 , 0.8593E+07 , 0.3000E+03 , 0.1103E-01 , 0.0000E+00 , 
    4 , 0.150000E+04 ,     1 , 0.8592E+07 , 0.3000E+03 , 0.7795E-02 , 0.0000E+00 ,    45 , 0.8593E+07 , 0.3000E+03 , 0.1000E-01 , 0.0000E+00 ,   100 , 0.8593E+07 , 0.3000E+03 , 0.1222E-01 , 0.0000E+00 , 
    5 , 0.310000E+04 ,     1 , 0.8592E+07 , 0.3000E+03 , 0.5436E-02 , 0.0000E+00 ,    45 , 0.8593E+07 , 0.3000E+03 , 0.1000E-01 , 0.0000E+00 ,   100 , 0.8593E+07 , 0.3000E+03 , 0.1458E-01 , 0.0000E+00 , 
    6 , 0.630000E+04 ,     1 , 0.8591E+07 , 0.3000E+03 , 0.6990E-03 , 0.0000E+00 ,    45 , 0.8593E+07 , 0.3000E+03 , 0.1000E-01 , 0.0000E+00 ,   100 , 0.8592E+07 , 0.3000E+03 , 0.1930E-01 , 0.0000E+00 , 
    7 , 0.127000E+05 ,     1 , 0.8810E+07 , 0.3000E+03 , 0.0000E+00 , 0.0000E+00 ,    45 , 0.8593E+07 , 0.3000E+03 , 0.1000E-01 , 0.0000E+00 ,   100 , 0.8592E+07 , 0.3000E+03 , 0.2874E-01 , 0.0000E+00 , 
    8 , 0.255000E+05 ,     1 , 0.8888E+07 , 0.2999E+03 , 0.0000E+00 , 0.0000E+00 ,    45 , 0.8593E+07 , 0.3000E+03 , 0.1000E-01 , 0.0000E+00 ,   100 , 0.8592E+07 , 0.3000E+03 , 0.4758E-01 , 0.0000E+00 , 
    9 , 0.511000E+05 ,     1 , 0.9007E+07 , 0.2998E+03 , 0.0000E+00 , 0.0000E+00 ,    45 , 0.8593E+07 , 0.3000E+03 , 0.1000E-01 , 0.0000E+00 ,   100 , 0.8590E+07 , 0.3000E+03 , 0.8509E-01 , 0.0000E+00 , 
   10 , 0.102300E+06 ,     1 , 0.9120E+07 , 0.2997E+03 , 0.0000E+00 , 0.0000E+00 ,    45 , 0.8593E+07 , 0.3000E+03 , 0.1000E-01 , 0.0000E+00 ,   100 , 0.8588E+07 , 0.3000E+03 , 0.1594E+00 , 0.0000E+00 , 
   11 , 0.153500E+06 ,     1 , 0.9203E+07 , 0.2995E+03 , 0.0000E+00 , 0.0000E+00 ,    45 , 0.8593E+07 , 0.3000E+03 , 0.1000E-01 , 0.0000E+00 ,   100 , 0.8585E+07 , 0.2999E+03 , 0.2327E+00 , 0.0000E+00 , 
   12 , 0.204700E+06 ,     1 , 0.9258E+07 , 0.2994E+03 , 0.0000E+00 , 0.0000E+00 ,    45 , 0.8593E+07 , 0.3000E+03 , 0.9922E-02 , 0.0000E+00 ,   100 , 0.8577E+07 , 0.2999E+03 , 0.3039E+00 , 0.0000E+00 , 
   13 , 0.307100E+06 ,     1 , 0.9320E+07 , 0.2991E+03 , 0.0000E+00 , 0.0000E+00 ,    45 , 0.8610E+07 , 0.3000E+03 , 0.0000E+00 , 0.0000E+00 ,   100 , 0.8529E+07 , 0.2995E+03 , 0.4191E+00 , 0.0000E+00 , 
   14 , 0.409500E+06 ,     1 , 0.9373E+07 , 0.2987E+03 , 0.0000E+00 , 0.0000E+00 ,    45 , 0.8663E+07 , 0.3000E+03 , 0.0000E+00 , 0.0000E+00 ,   100 , 0.8466E+07 , 0.2990E+03 , 0.5041E+00 , 0.0000E+00 , 
   15 , 0.511900E+06 ,     1 , 0.9414E+07 , 0.2984E+03 , 0.0000E+00 , 0.0000E+00 ,    45 , 0.8702E+07 , 0.3000E+03 , 0.0000E+00 , 0.0000E+00 ,   100 , 0.8401E+07 , 0.2984E+03 , 0.5765E+00 , 0.0000E+00 , 
   16 , 0.614300E+06 ,     1 , 0.9459E+07 , 0.2981E+03 , 0.0000E+00 , 0.0000E+00 ,    45 , 0.8745E+07 , 0.3000E+03 , 0.0000E+00 , 0.0000E+00 ,   100 , 0.8335E+07 , 0.2978E+03 , 0.6461E+00 , 0.0000E+00 , 
   17 , 0.716700E+06 ,     1 , 0.9568E+07 , 0.2978E+03 , 0.0000E+00 , 0.0000E+00 ,    45 , 0.8853E+07 , 0.3000E+03 , 0.0000E+00 , 0.0000E+00 ,   100 , 0.8269E+07 , 0.2973E+03 , 0.7183E+00 , 0.0000E+00 , 
   18 , 0.819100E+06 ,     1 , 0.9704E+07 , 0.2975E+03 , 0.0000E+00 , 0.0000E+00 ,    45 , 0.8992E+07 , 0.3000E+03 , 0.0000E+00 , 0.0000E+00 ,   100 , 0.8205E+07 , 0.2967E+03 , 0.7759E+00 , 0.0000E+00 , 
   19 , 0.921500E+06 ,     1 , 0.9790E+07 , 0.2972E+03 , 0.0000E+00 , 0.0000E+00 ,    45 , 0.9070E+07 , 0.3000E+03 , 0.0000E+00 , 0.0000E+00 ,   100 , 0.8141E+07 , 0.2962E+03 , 0.8130E+00 , 0.0000E+00 , 
   20 , 0.112630E+07 ,     1 , 0.9850E+07 , 0.2965E+03 , 0.0000E+00 , 0.0000E+00 ,    45 , 0.9122E+07 , 0.3000E+03 , 0.0000E+00 , 0.0000E+00 ,   100 , 0.8017E+07 , 0.2951E+03 , 0.8277E+00 , 0.0000E+00 , 
   21 , 0.153590E+07 ,     1 , 0.9871E+07 , 0.2953E+03 , 0.0000E+00 , 0.0000E+00 ,    45 , 0.9140E+07 , 0.3000E+03 , 0.0000E+00 , 0.0000E+00 ,   100 , 0.7778E+07 , 0.2930E+03 , 0.7798E+00 , 0.0000E+00 , 
   22 , 0.194550E+07 ,     1 , 0.9871E+07 , 0.2941E+03 , 0.0000E+00 , 0.0000E+00 ,    45 , 0.9138E+07 , 0.3000E+03 , 0.0000E+00 , 0.0000E+00 ,   100 , 0.7551E+07 , 0.2910E+03 , 0.7246E+00 , 0.0000E+00 , 
   23 , 0.235510E+07 ,     1 , 0.9862E+07 , 0.2929E+03 , 0.0000E+00 , 0.0000E+00 ,    45 , 0.9129E+07 , 0.3000E+03 , 0.0000E+00 , 0.0000E+00 ,   100 , 0.7335E+07 , 0.2890E+03 , 0.6771E+00 , 0.0000E+00 , 
   24 , 0.276470E+07 ,     1 , 0.9848E+07 , 0.2917E+03 , 0.0000E+00 , 0.0000E+00 ,    45 , 0.9115E+07 , 0.3000E+03 , 0.0000E+00 , 0.0000E+00 ,   100 , 0.7133E+07 , 0.2871E+03 , 0.6376E+00 , 0.0000E+00 , 
   25 , 0.317430E+07 ,     1 , 0.9829E+07 , 0.2905E+03 , 0.0000E+00 , 0.0000E+00 ,    45 , 0.9095E+07 , 0.3000E+03 , 0.0000E+00 , 0.0000E+00 ,   100 , 0.6944E+07 , 0.2852E+03 , 0.6040E+00 , 0.0000E+00 , 
   26 , 0.399350E+07 ,     1 , 0.9782E+07 , 0.2881E+03 , 0.0000E+00 , 0.0000E+00 ,    45 , 0.9047E+07 , 0.3000E+03 , 0.0000E+00 , 0.0000E+00 ,   100 , 0.6636E+07 , 0.2822E+03 , 0.5067E+00 , 0.0000E+00 , 
   27 , 0.481270E+07 ,     1 , 0.9751E+07 , 0.2858E+03 , 0.0000E+00 , 0.0000E+00 ,    45 , 0.9015E+07 , 0.3000E+03 , 0.0000E+00 , 0.0000E+00 ,   100 , 0.6496E+07 , 0.2808E+03 , 0.4137E+00 , 0.0000E+00 , 
   28 , 0.563190E+07 ,     1 , 0.9745E+07 , 0.2835E+03 , 0.0000E+00 , 0.0000E+00 ,    45 , 0.9010E+07 , 0.3000E+03 , 0.0000E+00 , 0.0000E+00 ,   100 , 0.6567E+07 , 0.2815E+03 , 0.2870E+00 , 0.0000E+00 , 
   29 , 0.645110E+07 ,     1 , 0.9744E+07 , 0.2813E+03 , 0.0000E+00 , 0.0000E+00 ,    45 , 0.9008E+07 , 0.3000E+03 , 0.0000E+00 , 0.0000E+00 ,   100 , 0.6661E+07 , 0.2825E+03 , 0.2148E+00 , 0.0000E+00 , 
   30 , 0.727030E+07 ,     1 , 0.9742E+07 , 0.2791E+03 , 0.0000E+00 , 0.0000E+00 ,    45 , 0.9005E+07 , 0.3000E+03 , 0.0000E+00 , 0.0000E+00 ,   100 , 0.6747E+07 , 0.2833E+03 , 0.1788E+00 , 0.0000E+00 , 
   31 , 0.808950E+07 ,     1 , 0.9740E+07 , 0.2769E+03 , 0.0000E+00 , 0.0000E+00 ,    45 , 0.9003E+07 , 0.3000E+03 , 0.0000E+00 , 0.0000E+00 ,   100 , 0.6824E+07 , 0.2841E+03 , 0.1628E+00 , 0.0000E+00 , 
   32 , 0.972790E+07 ,     1 , 0.9736E+07 , 0.2727E+03 , 0.0000E+00 , 0.0000E+00 ,    45 , 0.8997E+07 , 0.3000E+03 , 0.0000E+00 , 0.0000E+00 ,   100 , 0.6945E+07 , 0.2853E+03 , 0.1619E+00 , 0.0000E+00 , 
   33 , 0.113663E+08 ,     1 , 0.9732E+07 , 0.2687E+03 , 0.0000E+00 , 0.0000E+00 ,    45 , 0.8991E+07 , 0.3000E+03 , 0.0000E+00 , 0.0000E+00 ,   100 , 0.7041E+07 , 0.2862E+03 , 0.1750E+00 , 0.0000E+00 , 
   34 , 0.130047E+08 ,     1 , 0.9728E+07 , 0.2647E+03 , 0.0000E+00 , 0.0000E+00 ,    45 , 0.8985E+07 , 0.3000E+03 , 0.0000E+00 , 0.0000E+00 ,   100 , 0.7116E+07 , 0.2869E+03 , 0.1942E+00 , 0.0000E+00 , 
   35 , 0.162815E+08 ,     1 , 0.9720E+07 , 0.2573E+03 , 0.0000E+00 , 0.0000E+00 ,    45 , 0.8974E+07 , 0.3000E+03 , 0.0000E+00 , 0.0000E+00 ,   100 , 0.7196E+07 , 0.2877E+03 , 0.2325E+00 , 0.0000E+00 , 
   36 , 0.195583E+08 ,     1 , 0.9713E+07 , 0.2503E+03 , 0.0000E+00 , 0.0000E+00 ,    45 , 0.8963E+07 , 0.3000E+03 , 0.0000E+00 , 0.0000E+00 ,   100 , 0.7211E+07 , 0.2878E+03 , 0.2602E+00 , 0.0000E+00 , 
   37 , 0.228351E+08 ,     1 , 0.9707E+07 , 0.2436E+03 , 0.0000E+00 , 0.0000E+00 ,    45 , 0.8952E+07 , 0.3000E+03 , 0.0000E+00 , 0.0000E+00 ,   100 , 0.7201E+07 , 0.2877E+03 , 0.2691E+00 , 0.0000E+00 , 
   38 , 0.261119E+08 ,     1 , 0.9708E+07 , 0.2374E+03 , 0.0000E+00 , 0.0000E+00 ,    45 , 0.8949E+07 , 0.3000E+03 , 0.0000E+00 , 0.0000E+00 ,   100 , 0.7267E+07 , 0.2883E+03 , 0.2214E+00 , 0.0000E+00 , 
   39 , 0.293887E+08 ,     1 , 0.9710E+07 , 0.2315E+03 , 0.0000E+00 , 0.0000E+00 ,    45 , 0.8946E+07 , 0.3000E+03 , 0.0000E+00 , 0.0000E+00 ,   100 , 0.7317E+07 , 0.2888E+03 , 0.2231E+00 , 0.0000E+00 , 
   40 , 0.326655E+08 ,     1 , 0.9712E+07 , 0.2259E+03 , 0.0000E+00 , 0.0000E+00 ,    45 , 0.8943E+07 , 0.3000E+03 , 0.0000E+00 , 0.0000E+00 ,   100 , 0.7342E+07 , 0.2890E+03 , 0.2354E+00 , 0.0000E+00 , 
   41 , 0.359423E+08 ,     1 , 0.9715E+07 , 0.2206E+03 , 0.0000E+00 , 0.0000E+00 ,    45 , 0.8941E+07 , 0.3000E+03 , 0.0000E+00 , 0.0000E+00 ,   100 , 0.7346E+07 , 0.2891E+03 , 0.2469E+00 , 0.0000E+00 , 
   42 , 0.392191E+08 ,     1 , 0.9717E+07 , 0.2155E+03 , 0.0000E+00 , 0.0000E+00 ,    45 , 0.8939E+07 , 0.3000E+03 , 0.0000E+00 , 0.0000E+00 ,   100 , 0.7332E+07 , 0.2889E+03 , 0.2556E+00 , 0.0000E+00 , 
   43 , 0.457727E+08 ,     1 , 0.9723E+07 , 0.2065E+03 , 0.0000E+00 , 0.0000E+00 ,    45 , 0.8934E+07 , 0.3000E+03 , 0.0000E+00 , 0.0000E+00 ,   100 , 0.7279E+07 , 0.2884E+03 , 0.2651E+00 , 0.0000E+00 , 
   44 , 0.523263E+08 ,     1 , 0.9728E+07 , 0.1984E+03 , 0.0000E+00 , 0.0000E+00 ,    45 , 0.8928E+07 , 0.3000E+03 , 0.0000E+00 , 0.0000E+00 ,   100 , 0.7216E+07 , 0.2879E+03 , 0.2709E+00 , 0.0000E+00 , 
   45 , 0.588799E+08 ,     1 , 0.9731E+07 , 0.1910E+03 , 0.0000E+00 , 0.0000E+00 ,    45 , 0.8922E+07 , 0.3000E+03 , 0.0000E+00 , 0.0000E+00 ,   100 , 0.7151E+07 , 0.2872E+03 , 0.2753E+00 , 0.0000E+00 , 
   46 , 0.654335E+08 ,     1 , 0.9734E+07 , 0.1844E+03 , 0.0000E+00 , 0.0000E+00 ,    45 , 0.8913E+07 , 0.3000E+03 , 0.0000E+00 , 0.0000E+00 ,   100 , 0.7084E+07 , 0.2866E+03 , 0.2794E+00 , 0.0000E+00 , 
   47 , 0.785407E+08 ,     1 , 0.9738E+07 , 0.1735E+03 , 0.0000E+00 , 0.0000E+00 ,    45 , 0.8898E+07 , 0.3000E+03 , 0.0000E+00 , 0.0000E+00 ,   100 , 0.7106E+07 , 0.2868E+03 , 0.2611E+00 , 0.0000E+00 , 
   48 , 0.916479E+08 ,     1 , 0.9751E+07 , 0.1644E+03 , 0.0000E+00 , 0.0000E+00 ,    45 , 0.8890E+07 , 0.3000E+03 , 0.0000E+00 , 0.0000E+00 ,   100 , 0.7057E+07 , 0.2863E+03 , 0.2697E+00 , 0.0000E+00 , 
   49 , 0.104755E+09 ,     1 , 0.9762E+07 , 0.1570E+03 , 0.0000E+00 , 0.0000E+00 ,    45 , 0.8883E+07 , 0.3000E+03 , 0.0000E+00 , 0.0000E+00 ,   100 , 0.7051E+07 , 0.2863E+03 , 0.2640E+00 , 0.0000E+00 , 
   50 , 0.117862E+09 ,     1 , 0.9775E+07 , 0.1508E+03 , 0.0000E+00 , 0.0000E+00 ,    45 , 0.8877E+07 , 0.3000E+03 , 0.0000E+00 , 0.0000E+00 ,   100 , 0.7001E+07 , 0.2858E+03 , 0.2705E+00 , 0.0000E+00 , 
   51 , 0.130970E+09 ,     1 , 0.9784E+07 , 0.1456E+03 , 0.0000E+00 , 0.0000E+00 ,    45 , 0.8869E+07 , 0.3000E+03 , 0.0000E+00 , 0.0000E+00 ,   100 , 0.6923E+07 , 0.2850E+03 , 0.2770E+00 , 0.0000E+00 , 
   52 , 0.144077E+09 ,     1 , 0.9795E+07 , 0.1413E+03 , 0.0000E+00 , 0.0000E+00 ,    45 , 0.8864E+07 , 0.3000E+03 , 0.0000E+00 , 0.0000E+00 ,   100 , 0.6996E+07 , 0.2858E+03 , 0.2542E+00 , 0.0000E+00 , 
   53 , 0.157184E+09 ,     1 , 0.9806E+07 , 0.1377E+03 , 0.0000E+00 , 0.0000E+00 ,    45 , 0.8860E+07 , 0.3000E+03 , 0.0000E+00 , 0.0000E+00 ,   100 , 0.6952E+07 , 0.2853E+03 , 0.2690E+00 , 0.0000E+00 , 
   54 , 0.170291E+09 ,     1 , 0.9815E+07 , 0.1347E+03 , 0.0000E+00 , 0.0000E+00 ,    45 , 0.8855E+07 , 0.3000E+03 , 0.0000E+00 , 0.0000E+00 ,   100 , 0.6871E+07 , 0.2845E+03 , 0.2772E+00 , 0.0000E+00 , 
   55 , 0.183398E+09 ,     1 , 0.9822E+07 , 0.1322E+03 , 0.0000E+00 , 0.0000E+00 ,    45 , 0.8849E+07 , 0.3000E+03 , 0.0000E+00 , 0.0000E+00 ,   100 , 0.6782E+07 , 0.2837E+03 , 0.2826E+00 , 0.0000E+00 , 
   56 , 0.196506E+09 ,     1 , 0.9826E+07 , 0.1301E+03 , 0.0000E+00 , 0.0000E+00 ,    45 , 0.8841E+07 , 0.3000E+03 , 0.0000E+00 , 0.0000E+00 ,   100 , 0.6688E+07 , 0.2827E+03 , 0.2876E+00 , 0.0000E+00 , 
   57 , 0.209613E+09 ,     1 , 0.9827E+07 , 0.1283E+03 , 0.0000E+00 , 0.0000E+00 ,    45 , 0.8830E+07 , 0.3000E+03 , 0.0000E+00 , 0.0000E+00 ,   100 , 0.6585E+07 , 0.2817E+03 , 0.2929E+00 , 0.0000E+00 , 
   58 , 0.222720E+09 ,     1 , 0.9824E+07 , 0.1268E+03 , 0.0000E+00 , 0.0000E+00 ,    45 , 0.8816E+07 , 0.3000E+03 , 0.0000E+00 , 0.0000E+00 ,   100 , 0.6514E+07 , 0.2810E+03 , 0.2930E+00 , 0.0000E+00 , 
   59 , 0.235827E+09 ,     1 , 0.9831E+07 , 0.1255E+03 , 0.0000E+00 , 0.0000E+00 ,    45 , 0.8813E+07 , 0.3000E+03 , 0.0000E+00 , 0.0000E+00 ,   100 , 0.6775E+07 , 0.2836E+03 , 0.2291E+00 , 0.0000E+00 , 
   60 , 0.248934E+09 ,     1 , 0.9838E+07 , 0.1245E+03 , 0.0000E+00 , 0.0000E+00 ,    45 , 0.8810E+07 , 0.3000E+03 , 0.0000E+00 , 0.0000E+00 ,   100 , 0.6814E+07 , 0.2840E+03 , 0.2580E+00 , 0.0000E+00 , 
   61 , 0.262042E+09 ,     1 , 0.9844E+07 , 0.1236E+03 , 0.0000E+00 , 0.0000E+00 ,    45 , 0.8807E+07 , 0.3000E+03 , 0.0000E+00 , 0.0000E+00 ,   100 , 0.6741E+07 , 0.2832E+03 , 0.2755E+00 , 0.0000E+00 , 
   62 , 0.275149E+09 ,     1 , 0.9849E+07 , 0.1228E+03 , 0.0000E+00 , 0.0000E+00 ,    45 , 0.8804E+07 , 0.3000E+03 , 0.0000E+00 , 0.0000E+00 ,   100 , 0.6646E+07 , 0.2823E+03 , 0.2836E+00 , 0.0000E+00 , 
   63 , 0.288256E+09 ,     1 , 0.9853E+07 , 0.1221E+03 , 0.0000E+00 , 0.0000E+00 ,    45 , 0.8799E+07 , 0.3000E+03 , 0.0000E+00 , 0.0000E+00 ,   100 , 0.6556E+07 , 0.2814E+03 , 0.2883E+00 , 0.0000E+00 , 
   64 , 0.301363E+09 ,     1 , 0.9856E+07 , 0.1216E+03 , 0.0000E+00 , 0.0000E+00 ,    45 , 0.8795E+07 , 0.3000E+03 , 0.0000E+00 , 0.0000E+00 ,   100 , 0.6617E+07 , 0.2820E+03 , 0.2693E+00 , 0.0000E+00 , 
   65 , 0.314470E+09 ,     1 , 0.9861E+07 , 0.1211E+03 , 0.0000E+00 , 0.0000E+00 ,    45 , 0.8792E+07 , 0.2999E+03 , 0.0000E+00 , 0.0000E+00 ,   100 , 0.6578E+07 , 0.2816E+03 , 0.2803E+00 , 0.0000E+00 , 
   66 , 0.327578E+09 ,     1 , 0.9864E+07 , 0.1207E+03 , 0.0000E+00 , 0.0000E+00 ,    45 , 0.8788E+07 , 0.2999E+03 , 0.0000E+00 , 0.0000E+00 ,   100 , 0.6510E+07 , 0.2809E+03 , 0.2865E+00 , 0.0000E+00 , 
   67 , 0.340685E+09 ,     1 , 0.9867E+07 , 0.1203E+03 , 0.0000E+00 , 0.0000E+00 ,    45 , 0.8784E+07 , 0.2999E+03 , 0.0000E+00 , 0.0000E+00 ,   100 , 0.6440E+07 , 0.2802E+03 , 0.2902E+00 , 0.0000E+00 , 
   68 , 0.353792E+09 ,     1 , 0.9869E+07 , 0.1200E+03 , 0.0000E+00 , 0.0000E+00 ,    45 , 0.8779E+07 , 0.2999E+03 , 0.0000E+00 , 0.0000E+00 ,   100 , 0.6367E+07 , 0.2795E+03 , 0.2937E+00 , 0.0000E+00 , 
   69 , 0.366899E+09 ,     1 , 0.9869E+07 , 0.1197E+03 , 0.0000E+00 , 0.0000E+00 ,    45 , 0.8774E+07 , 0.2999E+03 , 0.0000E+00 , 0.0000E+00 ,   100 , 0.6291E+07 , 0.2787E+03 , 0.2973E+00 , 0.0000E+00 , 
   70 , 0.380006E+09 ,     1 , 0.9869E+07 , 0.1195E+03 , 0.0000E+00 , 0.0000E+00 ,    45 , 0.8767E+07 , 0.2998E+03 , 0.0000E+00 , 0.0000E+00 ,   100 , 0.6295E+07 , 0.2787E+03 , 0.2894E+00 , 0.0000E+00 , 
   71 , 0.393114E+09 ,     1 , 0.9869E+07 , 0.1193E+03 , 0.0000E+00 , 0.0000E+00 ,    45 , 0.8762E+07 , 0.2998E+03 , 0.0000E+00 , 0.0000E+00 ,   100 , 0.6251E+07 , 0.2782E+03 , 0.2945E+00 , 0.0000E+00 , 
   72 , 0.406221E+09 ,     1 , 0.9870E+07 , 0.1191E+03 , 0.0000E+00 , 0.0000E+00 ,    45 , 0.8757E+07 , 0.2998E+03 , 0.0000E+00 , 0.0000E+00 ,   100 , 0.6363E+07 , 0.2794E+03 , 0.2716E+00 , 0.0000E+00 , 
   73 , 0.419328E+09 ,     1 , 0.9873E+07 , 0.1189E+03 , 0.0000E+00 , 0.0000E+00 ,    45 , 0.8755E+07 , 0.2997E+03 , 0.0000E+00 , 0.0000E+00 ,   100 , 0.6493E+07 , 0.2808E+03 , 0.2573E+00 , 0.0000E+00 , 
   74 , 0.432435E+09 ,     1 , 0.9876E+07 , 0.1188E+03 , 0.0000E+00 , 0.0000E+00 ,    45 , 0.8752E+07 , 0.2997E+03 , 0.0000E+00 , 0.0000E+00 ,   100 , 0.6476E+07 , 0.2806E+03 , 0.2752E+00 , 0.0000E+00 , 
   75 , 0.445542E+09 ,     1 , 0.9879E+07 , 0.1187E+03 , 0.0000E+00 , 0.0000E+00 ,    45 , 0.8750E+07 , 0.2996E+03 , 0.0000E+00 , 0.0000E+00 ,   100 , 0.6400E+07 , 0.2798E+03 , 0.2859E+00 , 0.0000E+00 , 
   76 , 0.458650E+09 ,     1 , 0.9881E+07 , 0.1186E+03 , 0.0000E+00 , 0.0000E+00 ,    45 , 0.8747E+07 , 0.2996E+03 , 0.0000E+00 , 0.0000E+00 ,   100 , 0.6319E+07 , 0.2789E+03 , 0.2914E+00 , 0.0000E+00 , 
   77 , 0.471757E+09 ,     1 , 0.9883E+07 , 0.1185E+03 , 0.0000E+00 , 0.0000E+00 ,    45 , 0.8744E+07 , 0.2995E+03 , 0.0000E+00 , 0.0000E+00 ,   100 , 0.6243E+07 , 0.2781E+03 , 0.2950E+00 , 0.0000E+00 , 
   78 , 0.484864E+09 ,     1 , 0.9884E+07 , 0.1184E+03 , 0.0000E+00 , 0.0000E+00 ,    45 , 0.8741E+07 , 0.2994E+03 , 0.0000E+00 , 0.0000E+00 ,   100 , 0.6172E+07 , 0.2774E+03 , 0.2979E+00 , 0.0000E+00 , 
   79 , 0.497971E+09 ,     1 , 0.9885E+07 , 0.1183E+03 , 0.0000E+00 , 0.0000E+00 ,    45 , 0.8737E+07 , 0.2993E+03 , 0.0000E+00 , 0.0000E+00 ,   100 , 0.6250E+07 , 0.2782E+03 , 0.2793E+00 , 0.0000E+00 , 
   80 , 0.511078E+09 ,     1 , 0.9887E+07 , 0.1182E+03 , 0.0000E+00 , 0.0000E+00 ,    45 , 0.8734E+07 , 0.2992E+03 , 0.0000E+00 , 0.0000E+00 ,   100 , 0.6227E+07 , 0.2780E+03 , 0.2885E+00 , 0.0000E+00 , 
   81 , 0.524186E+09 ,     1 , 0.9888E+07 , 0.1182E+03 , 0.0000E+00 , 0.0000E+00 ,    45 , 0.8731E+07 , 0.2991E+03 , 0.0000E+00 , 0.0000E+00 ,   100 , 0.6168E+07 , 0.2774E+03 , 0.2946E+00 , 0.0000E+00 , 
   82 , 0.537293E+09 ,     1 , 0.9889E+07 , 0.1181E+03 , 0.0000E+00 , 0.0000E+00 ,    45 , 0.8727E+07 , 0.2990E+03 , 0.0000E+00 , 0.0000E+00 ,   100 , 0.6104E+07 , 0.2767E+03 , 0.2981E+00 , 0.0000E+00 , 
   83 , 0.550400E+09 ,     1 , 0.9890E+07 , 0.1181E+03 , 0.0000E+00 , 0.0000E+00 ,    45 , 0.8723E+07 , 0.2989E+03 , 0.0000E+00 , 0.0000E+00 ,   100 , 0.6040E+07 , 0.2760E+03 , 0.3010E+00 , 0.0000E+00 , 
   84 , 0.563507E+09 ,     1 , 0.9889E+07 , 0.1180E+03 , 0.0000E+00 , 0.0000E+00 ,    45 , 0.8719E+07 , 0.2987E+03 , 0.0000E+00 , 0.0000E+00 ,   100 , 0.5974E+07 , 0.2753E+03 , 0.3039E+00 , 0.0000E+00 , 
   85 , 0.576614E+09 ,     1 , 0.9890E+07 , 0.1180E+03 , 0.0000E+00 , 0.0000E+00 ,    45 , 0.8716E+07 , 0.2986E+03 , 0.0000E+00 , 0.0000E+00 ,   100 , 0.6077E+07 , 0.2764E+03 , 0.2825E+00 , 0.0000E+00 , 
   86 , 0.589722E+09 ,     1 , 0.9890E+07 , 0.1179E+03 , 0.0000E+00 , 0.0000E+00 ,    45 , 0.8713E+07 , 0.2984E+03 , 0.0000E+00 , 0.0000E+00 ,   100 , 0.6060E+07 , 0.2762E+03 , 0.2930E+00 , 0.0000E+00 , 
   87 , 0.602829E+09 ,     1 , 0.9890E+07 , 0.1179E+03 , 0.0000E+00 , 0.0000E+00 ,    45 , 0.8709E+07 , 0.2983E+03 , 0.0000E+00 , 0.0000E+00 ,   100 , 0.5991E+07 , 0.2755E+03 , 0.3006E+00 , 0.0000E+00 , 
   88 , 0.615936E+09 ,     1 , 0.9891E+07 , 0.1179E+03 , 0.0000E+00 , 0.0000E+00 ,    45 , 0.8706E+07 , 0.2981E+03 , 0.0000E+00 , 0.0000E+00 ,   100 , 0.6102E+07 , 0.2766E+03 , 0.2776E+00 , 0.0000E+00 , 
   89 , 0.629043E+09 ,     1 , 0.9892E+07 , 0.1179E+03 , 0.0000E+00 , 0.0000E+00 ,    45 , 0.8704E+07 , 0.2979E+03 , 0.0000E+00 , 0.0000E+00 ,   100 , 0.6211E+07 , 0.2778E+03 , 0.2684E+00 , 0.0000E+00 , 
   90 , 0.642150E+09 ,     1 , 0.9894E+07 , 0.1178E+03 , 0.0000E+00 , 0.0000E+00 ,    45 , 0.8702E+07 , 0.2977E+03 , 0.0000E+00 , 0.0000E+00 ,   100 , 0.6196E+07 , 0.2777E+03 , 0.2822E+00 , 0.0000E+00 , 
   91 , 0.655258E+09 ,     1 , 0.9895E+07 , 0.1178E+03 , 0.0000E+00 , 0.0000E+00 ,    45 , 0.8700E+07 , 0.2974E+03 , 0.0000E+00 , 0.0000E+00 ,   100 , 0.6129E+07 , 0.2769E+03 , 0.2916E+00 , 0.0000E+00 , 
   92 , 0.668365E+09 ,     1 , 0.9896E+07 , 0.1178E+03 , 0.0000E+00 , 0.0000E+00 ,    45 , 0.8697E+07 , 0.2972E+03 , 0.0000E+00 , 0.0000E+00 ,   100 , 0.6053E+07 , 0.2761E+03 , 0.2970E+00 , 0.0000E+00 , 
   93 , 0.681472E+09 ,     1 , 0.9897E+07 , 0.1178E+03 , 0.0000E+00 , 0.0000E+00 ,    45 , 0.8694E+07 , 0.2969E+03 , 0.0000E+00 , 0.0000E+00 ,   100 , 0.5979E+07 , 0.2753E+03 , 0.3007E+00 , 0.0000E+00 , 
   94 , 0.694579E+09 ,     1 , 0.9897E+07 , 0.1177E+03 , 0.0000E+00 , 0.0000E+00 ,    45 , 0.8691E+07 , 0.2967E+03 , 0.0000E+00 , 0.0000E+00 ,   100 , 0.5910E+07 , 0.2746E+03 , 0.3036E+00 , 0.0000E+00 , 
   95 , 0.707686E+09 ,     1 , 0.9897E+07 , 0.1177E+03 , 0.0000E+00 , 0.0000E+00 ,    45 , 0.8688E+07 , 0.2964E+03 , 0.0000E+00 , 0.0000E+00 ,   100 , 0.5890E+07 , 0.2744E+03 , 0.3001E+00 , 0.0000E+00 , 
   96 , 0.720794E+09 ,     1 , 0.9897E+07 , 0.1177E+03 , 0.0000E+00 , 0.0000E+00 ,    45 , 0.8685E+07 , 0.2961E+03 , 0.0000E+00 , 0.0000E+00 ,   100 , 0.5946E+07 , 0.2750E+03 , 0.2895E+00 , 0.0000E+00 , 
   97 , 0.733901E+09 ,     1 , 0.9897E+07 , 0.1177E+03 , 0.0000E+00 , 0.0000E+00 ,    45 , 0.8681E+07 , 0.2957E+03 , 0.0000E+00 , 0.0000E+00 ,   100 , 0.5923E+07 , 0.2747E+03 , 0.2964E+00 , 0.0000E+00 , 
   98 , 0.747008E+09 ,     1 , 0.9897E+07 , 0.1177E+03 , 0.0000E+00 , 0.0000E+00 ,    45 , 0.8678E+07 , 0.2954E+03 , 0.0000E+00 , 0.0000E+00 ,   100 , 0.5869E+07 , 0.2741E+03 , 0.3017E+00 , 0.0000E+00 , 
   99 , 0.760115E+09 ,     1 , 0.9897E+07 , 0.1177E+03 , 0.0000E+00 , 0.0000E+00 ,    45 , 0.8674E+07 , 0.2950E+03 , 0.0000E+00 , 0.0000E+00 ,   100 , 0.5809E+07 , 0.2734E+03 , 0.3050E+00 , 0.0000E+00 , 
  100 , 0.773222E+09 ,     1 , 0.9896E+07 , 0.1177E+03 , 0.0000E+00 , 0.0000E+00 ,    45 , 0.8670E+07 , 0.2947E+03 , 0.0000E+00 , 0.0000E+00 ,   100 , 0.5749E+07 , 0.2728E+03 , 0.3077E+00 , 0.0000E+00 , 
  101 , 0.786330E+09 ,     1 , 0.9895E+07 , 0.1177E+03 , 0.0000E+00 , 0.0000E+00 ,    45 , 0.8666E+07 , 0.2943E+03 , 0.0000E+00 , 0.0000E+00 ,   100 , 0.5688E+07 , 0.2721E+03 , 0.3103E+00 , 0.0000E+00 , 
  102 , 0.812544E+09 ,     1 , 0.9891E+07 , 0.1176E+03 , 0.0000E+00 , 0.0000E+00 ,    45 , 0.8656E+07 , 0.2934E+03 , 0.0000E+00 , 0.0000E+00 ,   100 , 0.5758E+07 , 0.2729E+03 , 0.2972E+00 , 0.0000E+00 , 
  103 , 0.838758E+09 ,     1 , 0.9887E+07 , 0.1176E+03 , 0.0000E+00 , 0.0000E+00 ,    45 , 0.8646E+07 , 0.2925E+03 , 0.0000E+00 , 0.0000E+00 ,   100 , 0.5749E+07 , 0.2728E+03 , 0.2998E+00 , 0.0000E+00 , 
  104 , 0.864973E+09 ,     1 , 0.9882E+07 , 0.1176E+03 , 0.0000E+00 , 0.0000E+00 ,    45 , 0.8634E+07 , 0.2914E+03 , 0.0000E+00 , 0.0000E+00 ,   100 , 0.5647E+07 , 0.2716E+03 , 0.3081E+00 , 0.0000E+00 , 
  105 , 0.891187E+09 ,     1 , 0.9875E+07 , 0.1176E+03 , 0.0000E+00 , 0.0000E+00 ,    45 , 0.8622E+07 , 0.2904E+03 , 0.0000E+00 , 0.0000E+00 ,   100 , 0.5680E+07 , 0.2720E+03 , 0.3000E+00 , 0.0000E+00 , 
  106 , 0.917402E+09 ,     1 , 0.9869E+07 , 0.1176E+03 , 0.0000E+00 , 0.0000E+00 ,    45 , 0.8610E+07 , 0.2892E+03 , 0.0000E+00 , 0.0000E+00 ,   100 , 0.5905E+07 , 0.2745E+03 , 0.2755E+00 , 0.0000E+00 , 
  107 , 0.943616E+09 ,     1 , 0.9862E+07 , 0.1176E+03 , 0.0000E+00 , 0.0000E+00 ,    45 , 0.8597E+07 , 0.2880E+03 , 0.0000E+00 , 0.0000E+00 ,   100 , 0.6036E+07 , 0.2759E+03 , 0.2721E+00 , 0.0000E+00 , 
  108 , 0.969830E+09 ,     1 , 0.9855E+07 , 0.1176E+03 , 0.0000E+00 , 0.0000E+00 ,    45 , 0.8584E+07 , 0.2866E+03 , 0.0000E+00 , 0.0000E+00 ,   100 , 0.6137E+07 , 0.2770E+03 , 0.2681E+00 , 0.0000E+00 , 
  109 , 0.996045E+09 ,     1 , 0.9848E+07 , 0.1176E+03 , 0.0000E+00 , 0.0000E+00 ,    45 , 0.8571E+07 , 0.2852E+03 , 0.0000E+00 , 0.0000E+00 ,   100 , 0.5964E+07 , 0.2752E+03 , 0.2939E+00 , 0.0000E+00 , 
  110 , 0.102226E+10 ,     1 , 0.9842E+07 , 0.1176E+03 , 0.0000E+00 , 0.0000E+00 ,    45 , 0.8561E+07 , 0.2838E+03 , 0.0000E+00 , 0.0000E+00 ,   100 , 0.5789E+07 , 0.2732E+03 , 0.3038E+00 , 0.0000E+00 , 
  111 , 0.104847E+10 ,     1 , 0.9835E+07 , 0.1176E+03 , 0.0000E+00 , 0.0000E+00 ,    45 , 0.8550E+07 , 0.2822E+03 , 0.0000E+00 , 0.0000E+00 ,   100 , 0.5612E+07 , 0.2712E+03 , 0.3121E+00 , 0.0000E+00 , 
  112 , 0.107469E+10 ,     1 , 0.9826E+07 , 0.1176E+03 , 0.0000E+00 , 0.0000E+00 ,    45 , 0.8537E+07 , 0.2806E+03 , 0.0000E+00 , 0.0000E+00 ,   100 , 0.5490E+07 , 0.2698E+03 , 0.3147E+00 , 0.0000E+00 , 
  113 , 0.110090E+10 ,     1 , 0.9816E+07 , 0.1176E+03 , 0.0000E+00 , 0.0000E+00 ,    45 , 0.8521E+07 , 0.2790E+03 , 0.0000E+00 , 0.0000E+00 ,   100 , 0.5423E+07 , 0.2690E+03 , 0.3142E+00 , 0.0000E+00 , 
  114 , 0.112712E+10 ,     1 , 0.9803E+07 , 0.1175E+03 , 0.0000E+00 , 0.0000E+00 ,    45 , 0.8504E+07 , 0.2773E+03 , 0.0000E+00 , 0.0000E+00 ,   100 , 0.5380E+07 , 0.2685E+03 , 0.3139E+00 , 0.0000E+00 , 
  115 , 0.115106E+10 ,     1 , 0.9788E+07 , 0.1175E+03 , 0.0000E+00 , 0.0000E+00 ,    45 , 0.8486E+07 , 0.2757E+03 , 0.0000E+00 , 0.0000E+00 ,   100 , 0.5323E+07 , 0.2679E+03 , 0.3161E+00 , 0.0000E+00 , 
