Target Histogram
   1
log permeability
-11.1042193026730
-10.1043434534880
-11.7789056849443
-10.3504312988214
-12.2090001131028
-10.8773738757072
-11.6868992219115
-10.7484172397841
-10.9638245706342
-12.0144465265980
-11.9525021705345
-12.0481005668254
-11.8558718779376
-9.90477666072325
-11.4705239266395
-11.7716574845968
-10.9702858853320
-12.1457547291108
-12.2234020753129
-11.9723786815426
-11.6409724685374
-10.5553355798655
-11.0687746684612
-12.6692657282771
-11.6076373730618
-11.5462359766594
-11.9401612974021
-11.5774213783889
-10.9393431174596
-11.9837655460622
-11.5747857856161
-12.4808414907870
-12.1765760592222
-12.4925650958694
-11.3490494002950
-11.0358907586287
-12.1782900271179
-12.7173982281698
-11.4635072635421
-12.2866257263334
-11.7770212821988
-12.6969464832840
-12.5059729514252
-10.8927871492677
-11.2044296191084
-11.4230295576191
-11.5971968863873
-11.4101647274268
-12.9119223268524
-11.1421057184901
-11.8464694762339
-11.7206980807518
-11.9499640217918
-11.1622522446357
-12.3630815734858
-12.7735064376740
-11.7965050859936
-10.6846539064527
-13.3245653629982
-12.6717711251507
-12.9545025666595
-10.4828746369107
-11.6313872413085
-11.6955147702812
-11.0904294757703
-11.9134525610398
-11.3167432100507
-11.7033426904094
-11.6066580981343
-12.5861663395986
-11.4204249351612
-12.3351691168136
-11.8193254459409
-12.8671429607518
-11.4304975545872
-12.2617443666895
-11.8499047406890
-10.6662248123720
-11.9253537817286
-11.8305600284307
-11.9201135281973
-10.3230193852568
-10.9717924594038
-12.2319386618899
-11.0823281015674
-11.6877843240647
-11.5825205954228
-12.2811845742487
-11.1332290206889
-12.1455573882524
-10.6894017921962
-11.3019057206211
-12.6515480520163
-11.4589587545831
-11.6986494095703
-11.4098520518047
-11.4252564708077
-11.8345520919371
-10.6838903049462
-12.5764895296984
-11.6215525914026
-11.1781925520812
-11.3832164007774
-12.8004249667316
-11.0568065004798
-11.4486493627846
-12.1819055788421
-12.5830975681289
-12.0329776140960
-11.8625652856432
-11.7922927104538
-12.3150418303724
-11.6418174610653
-11.6783610477832
-12.3547572054900
-12.1245436434282
-12.3333626847193
-11.0001559171895
-11.2768242408570
-11.2451139747646
-11.5259080650876
-10.6512615019164
-12.2566184120739
-12.1773203043944
-11.5780021013941
-11.1504451608094
-12.5585809117682
-12.1411368204349
-10.7593431857819
-10.6304785982856
-11.8370514097046
-11.2101563841774
-11.2350217412122
-11.5780405550860
-11.1437499999264
-12.1588397961049
-12.6742476303978
-12.3187321897372
-10.7910160320492
-13.8977157783381
-11.0270107331915
-12.1588628806560
-11.6815996772424
-12.1911319145085
-11.8622447429858
-11.5772249492073
-12.1406653579991
-12.0672565879732
-11.8796114154044
-11.8319429639085
-11.2346034274358
-12.3599441228739
-11.8746234552377
-12.7842303192168
-12.0793724737385
-11.2376964325376
-12.4430581690433
-9.96033292056118
-11.3807358149398
-12.3202027928216
-10.9537739790391
-11.9031550721876
-12.8587850294566
-11.0103638478525
-10.7009746383165
-11.2838644176736
-11.0087196833754
-11.2904530871211
-11.4445642640037
-11.0092739382282
-11.7908314620121
-11.7909430389042
-12.0807709925745
-10.9951105658433
-11.1151205955422
-11.4610118221306
-11.1464748608343
-10.7269914228261
-11.8789397572516
-11.8194392874487
-11.9847598772261
-11.7398200438784
-10.8685016301426
-12.6897686901519
-11.6017474257867
-11.1927627773934
-10.4661389533184
-11.2717866923187
-10.8940794436580
-10.7263906648130
-11.3444322558428
-12.2251087733628
-11.2200516419047
-11.4623580356147
-12.6362846109816
-12.7639546090105
-10.7804518884629
-11.8065090420531
-11.6214600534837
-12.0544873772032
-13.5010690106998
-11.0898486913056
-12.4109566436158
-11.5486219648368
-11.3033072693373
-11.0186162808438
-10.9244736902574
-10.6025510780554
-11.6648510322842
-12.3118294318944
-11.9922816201134
-11.9387351874552
-12.4766287428384
-11.6765731715806
-11.6152075009716
-12.9400572858490
-12.9007227040729
-11.3321980509173
-12.4042038100829
-12.0077344969416
-12.1632982061075
-11.1741090120878
-9.94183998106673
-11.9315829273705
-11.5819094182516
-11.4016141000623
-11.3825464648164
-11.8333391819517
-11.2274072311888
-11.2380824538223
-12.8934506633111
-11.6748408441652
-11.2517926321753
-11.6883483075115
-11.8384617749696
-11.9524377262966
-12.0688670592084
-12.4204067402640
-12.0822358713551
-11.1056256620076
-12.1305906115844
-10.9902487625384
-11.5886432827150
-11.2994465403561
-11.8881226548506
-12.4813026809569
-12.6649678261204
-12.0094238968930
-11.2407286454609
-12.5063742968752
-10.8626922481899
-11.1755226864125
-12.1389878519297
-12.0804455585130
-10.5477629667502
-12.0902309393277
-11.3494061018018
-10.7747472100257
-12.3199150728211
-12.5962504959210
-12.4414339104989
-12.3395735980318
-11.3069669148101
-11.4842728335208
-11.5761142999704
-12.0786301003337
-11.3202942651232
-11.8429407678797
-10.9019091106696
-10.5456400278141
-10.6618601813474
-11.4529611207806
-12.2463572026965
-10.9812362240201
-12.3010033123252
-11.5177506856772
-11.7006619807477
-11.5832645918610
-11.1874384755109
-10.0483713197113
-12.3128746268849
-12.2651434521322
-12.5801220140953
-10.5492136514082
-12.4118943450290
-11.1943561664467
-11.8486306917878
-11.7655044476278
-12.0957063332149
-12.2581390780501
-12.8775361532691
-11.9135569397323
-10.9998763017671
-11.3527966269537
-11.3900333826002
-12.4123212210344
-12.8548316146376
-12.3178289511988
-11.3808006233024
-11.5826082200404
-11.2305779252718
-10.6167799933068
-10.7299764831007
-10.9609786134194
-11.6039012576140
-10.8323215178184
-11.6894211529470
-10.5151075349266
-11.6005844673782
-11.6292848832415
-11.4546283999328
-12.4186542395972
-12.1943300840807
-11.7148970291809
-11.3632295609412
-11.4868517972519
-10.7229203176061
-12.7734401340522
-11.6860453380463
-11.7623290577987
-10.0757682534943
-11.3337919029847
-12.7261233486728
-10.8087236280367
-11.6691065330950
-11.3681057077797
-11.3866618476681
-11.7003410987936
-12.9976953085511
-11.4391421651199
-11.3562439104206
-11.7471471580028
-11.1915738879543
-11.8842324519833
-11.0536260312638
-12.1262277716217
-11.6828862937231
-10.6805926325072
-11.1115041791048
-12.1756759100913
-12.1920859039384
-10.3869422350895
-10.8191030427043
-11.5436294124508
-11.3731967268937
-11.7120980293082
-11.4777540094927
-11.4024027866342
-10.3463323309041
-12.8492092688032
-10.9051801490104
-9.93690829638472
-11.2279508203281
-11.4649869776174
-11.5712064812995
-11.6457028926080
-11.7186704842267
-12.4230794006299
-12.7638229639266
-11.8263636823801
-12.5047273288873
-11.4809560940634
-11.4048315952332
-12.2471058049639
-12.2025842976496
-11.5819411708930
-11.1201502830651
-11.5367481379874
-10.1505818769856
-11.9630511577142
-12.2800786124232
-12.4226354073648
-11.1653523473788
-12.5747759096043
-12.3816110292339
-11.2980817560976
-11.6786604009656
-12.1213704468310
-10.3416210273796
-11.5893214714364
-12.0838995535629
-11.9689450970681
-10.6112029782522
-11.8106305098457
-10.9767927736104
-10.6388821093307
-12.4710975668204
-11.6401710991779
-12.2595524121453
-12.4014705823982
-11.1590668642927
-11.4692991122001
-11.3032195993968
-11.0712394361124
-12.5263825195678
-10.7982006965349
-11.7577190862305
-11.6456992962229
-12.1405595010644
-11.6446961588015
-12.2364136176641
-12.5626500097794
-10.7314882193051
-11.3410989148743
-12.3284072651284
-11.6648894307604
-11.0866693030204
-12.8671526993797
-12.3191922157679
-11.5340603817713
-12.4849355407193
-12.2035921595084
-12.1396028147718
-12.3161569669925
-11.4508386416018
-11.0227311065570
-10.5369065782446
-12.1188560269324
-12.3696917292197
-10.6421137059985
-11.5737432848399
-10.8142906337444
-11.9961539647220
-11.9025923801812
-11.7501549630333
-12.5406606473215
-11.2220472906431
-12.4746360979483
-13.1652432912409
-11.4931133104459
-10.6538578067641
-11.7544386306268
-12.1671549938198
-10.8137183326974
-11.8348284350995
-11.7954901836759
-11.4963492590622
-10.5775396523619
-11.3467408203341
-11.9926839703180
-11.8790736127239
-11.5961511697589
-11.6291037987253
-11.1385379446686
-11.5693802001113
-11.6220369184406
-11.1478151008614
-12.2181016833649
-11.3685193522564
-12.3395399842313
-11.5042596118016
-13.1550159393821
-12.4877562406159
-10.8569779392261
-11.7715089948338
-11.1975069959503
-12.1191292040248
-11.1556857941600
-11.6956241259315
-11.6731690198550
-11.0065286457043
-11.1031592499600
-11.8010047318699
-13.0043165818835
-12.3288871317575
-11.8089227318537
-11.3591489714594
-11.5041964140185
-13.0417646958644
-12.0573816547750
-11.0623071051540
-11.9007364698050
-11.4262344198862
-11.7587654849957
-11.8909683257678
-12.4088554197003
-12.2966777737521
-11.6289020349415
-11.5238473968223
-12.3281543982661
-11.3526483598707
-11.2963430676345
-11.3967765079001
-11.9665915794232
-10.5919472645633
-11.8871253070811
-11.3692109813584
-12.1135652602456
-12.0725231370817
-11.4592505325589
-11.2801484240432
-10.9359214487882
-11.5006859496149
-12.5110413727386
-10.5922625550736
-12.4836920317266
-11.7874238135241
-11.3078988152384
-11.4430113695479
-10.9375316767798
-12.6498024374210
-11.3605675388056
-11.1576493240914
-12.2655202426919
-11.4124000546876
-13.0829404547554
-11.3042371353955
-10.0901334497862
-11.4649540994050
-12.5937257375230
-11.3262979522216
-11.9299079354521
-11.7675746166551
-9.96534674914195
-13.0994943764888
-12.3915232687117
-13.3769684641371
-12.0723416151392
-10.9473355907476
-11.4086013719933
-12.1994582815826
-11.5313835665835
-12.4594335509108
-11.5591293731503
-12.4686947718742
-11.4975097690521
-11.5859302391767
-11.0588465134036
-11.3173566880278
-11.7610790135432
-11.1382453385930
-11.0828675729917
-12.3265255345019
-11.4780785718858
-11.4280515071474
-11.2422363504471
-11.0245616763150
-13.1055244768232
-11.9402662628581
-11.9723667275254
-12.3641700881256
-12.8523574792904
-11.6783034685617
-11.4904118302451
-12.5871439057488
-10.8196249119467
-10.7836249102882
-12.5839099068608
-10.3751718649086
-13.2534009475919
-13.2594944617838
-11.4022515668983
-11.5045443097870
-11.3774763618166
-11.8906270399510
-12.5299319381172
-12.0221623669141
-11.2245410361202
-11.9488672983905
-10.9007418085228
-12.5872841021743
-12.2187173577525
-11.2860652174790
-10.2111004353303
-12.1708197682183
-12.8153488371078
-12.0599110768480
-11.6256797759493
-12.9113093049817
-10.5309215189616
-11.2439211018865
-13.1267147530626
-12.3458487770528
-11.6430840741484
-12.0555158589740
-11.9738526582654
-11.1590853219061
-11.4862521324259
-10.3994612935694
-11.2656805373443
-10.7955245827284
-11.2718811212172
-11.7421539996280
-11.1405795309043
-11.5029436977211
-11.8171156303161
-11.2954042944757
-12.5701313050980
-12.1092342868824
-9.90047377882094
-9.63808689218627
-12.4811344150596
-12.6197357773112
-11.9385508126732
-11.9691123527773
-11.0675289391689
-11.5246823400716
-11.7515977778225
-10.7098904956783
-11.4510823477758
-12.4940142621393
-12.2620224892201
-11.1164383301540
-11.5588419708989
-11.0592504026919
-11.1119741535191
-12.1218265695955
-12.2037622215159
-11.3419764979689
-11.5363454844410
-11.7332922222504
-11.8319057353063
-10.7477188058446
-11.2890881237386
-11.2546918527266
-11.9649975951054
-11.1023207674068
-11.1675996428821
-13.1493053985313
-11.6789600470547
-11.0011380439967
-10.9531568048564
-12.0867089898092
-12.1183568719580
-11.0825701360260
-10.2367050915590
-11.5769696163286
-11.2084989696954
-10.1041769997613
-11.6406454248351
-10.5782379667757
-11.9131881835974
-13.0461229719437
-13.0761298154285
-12.1334780960945
-10.2428614681507
-11.6119436239056
-11.3246942806435
-10.8918474785040
-11.2545055880530
-11.9227551871112
-10.4389565305327
-11.9692292303559
-11.4395222149067
-12.8697468236078
-12.4705774020494
-9.90035134710262
-10.9250773973177
-11.2809964883899
-11.2059579001262
-13.1732626372126
-12.3896821434291
-11.1571138350013
-10.7383389667552
-12.3068809854781
-12.2856675019185
-11.4521745573939
-12.1387093133947
-10.8419911423654
-10.9671817932356
-11.6027116791650
-12.1042701012523
-11.8513850083367
-12.2455061162762
-11.5958239289830
-12.1973840399769
-12.8888126128886
-11.8555946279138
-12.9150286056624
-12.3513049264398
-11.6048364241255
-12.3004018768216
-11.6689204682245
-12.3653439334184
-11.7697570524963
-10.9412266779777
-11.9480441769901
-12.6507630704461
-11.2919619340326
-12.2201647733798
-11.9470666530772
-11.4720140882904
-10.9178881890061
-12.0862019218263
-12.0157433445153
-12.0202154404779
-10.8763687692431
-12.2455026777013
-11.5790763328830
-12.3704046650434
-11.7191294710154
-11.8387635857283
-11.1391203580273
-11.8294731571051
-12.0969805437442
-11.7703093852712
-12.0806981277126
-12.0993332638173
-11.3387613163906
-11.9893902045879
-11.3669946836915
-12.1792561240907
-11.5246549170490
-11.9776471960190
-10.9972440168842
-10.6162454841866
-11.5773226658692
-12.3938167344898
-11.9636826163001
-11.4346607790733
-11.9775373462966
-11.2844914399947
-11.5298055678572
-11.6356879185237
-11.9879847286652
-11.7231971696032
-11.6198622203712
-11.7761877185531
-11.8677790219367
-10.7039050367889
-12.4985931448490
-11.3567896459383
-11.4886265439412
-11.4045204791752
-11.3104862004216
-10.3898764824247
-11.2672970473885
-11.7581751660651
-11.6136343151203
-10.7222031141562
-11.4708110538444
-10.9348051522899
-11.9514739848056
-11.2154348482764
-11.4491996053590
-11.6883633789294
-10.7439720119157
-11.8706421548337
-12.8380522301251
-11.0186066098015
-11.8873748114911
-11.0967619217519
-11.7947606615468
-11.9733678332579
-11.6621719076435
-12.9118799882801
-11.6577388215365
-11.7973302408472
-12.5094571333100
-11.3756563182713
-10.5721024929898
-10.9932979036517
-11.7530924677468
-10.8797577280827
-12.2361640273135
-10.8702446481359
-11.4694177442489
-12.4030367656695
-11.4859225261876
-11.8091713657586
-11.2775643151647
-11.9636254759933
-11.0724831219753
-10.6164624985423
-11.1776439044341
-11.4313939900126
-10.2643791136434
-10.1828708646027
-10.7467737749368
-11.9927659795084
-11.7115931664976
-11.4579087775704
-12.1312624824737
-11.7167330565787
-10.7072764093832
-11.4987690730945
-11.2513153874193
-11.3746472730756
-10.7678607502736
-11.5512854250253
-11.4173778422639
-11.4939928133352
-11.7361863195768
-11.9565389103337
-11.5745037265682
-12.8157894086924
-10.6838393254762
-11.2490308072191
-11.5280971853179
-12.0375569694790
-11.0141045997411
-13.4172560656448
-11.2120135004988
-11.8015878049982
-12.1995859819382
-12.6165878614492
-12.3345641583610
-10.9325900845814
-11.2471804671268
-11.8562131780676
-12.7524956865649
-12.4229054667572
-11.5320194947894
-10.3131974954330
-12.9101518031028
-11.6882645239053
-12.7657185133595
-10.9802663774510
-11.3665891502150
-10.9394299883633
-11.0206163909378
-11.6630630008916
-12.3477356728036
-12.2373345875282
-12.1222931865429
-11.0073968000287
-11.4665065525706
-10.7431514239025
-11.3967072398341
-11.6994270225023
-10.6819631398395
-12.5473723513378
-11.9059203135086
-10.3997129597834
-11.6155539313890
-11.2900783499211
-11.9689209238869
-12.0204072544153
-11.5679646096788
-11.6380357197953
-10.1633148081171
-10.9411970557791
-10.8959118415501
-10.5009203447444
-11.9625263310143
-12.2835558275327
-11.6390893808898
-12.4652953039181
-12.3250294478685
-10.5029052350430
-11.7501815352985
-12.0273097949395
-11.5244784913977
-11.3710898398404
-12.9832244212219
-11.5170636506289
-12.1163628439437
-12.6441865872369
-12.4973279166508
-11.8917622806941
-10.6837986692294
-11.0174850663671
-10.9302041943748
-11.9582877222914
-11.9024475047458
-11.8627599589336
-12.7093531452178
-11.5046617977138
-12.5797866594567
-11.8298109968388
-11.7252913069811
-13.2406718148203
-10.7990525847772
-11.7726906293724
-12.3895993119085
-12.1358036199993
-11.4572691280256
-11.3478232533489
-11.0697429335553
-10.9770447792128
-10.5356757839942
-12.2974169712624
-11.4063726134369
-11.8273253584083
-11.8164151051513
-11.4958893763236
-11.2892093805821
-11.8198808101733
-10.7466932563709
-11.7381137294869
-11.6191533432718
-11.9317994074884
-11.3113731799065
-12.2473159661874
-11.5949304508998
-11.9096950691418
-11.3547252524713
-11.9757797041938
-11.7122187955041
-11.4443915963397
-11.5497329687323
-11.7642065982213
-11.2148396177244
-10.9545676933549
-11.8347552378357
-12.3759525356871
-12.1687380419821
-11.3321073532672
-11.8196020963281
-11.2821900045858
-12.1097198530765
-11.4624495734149
-10.7696965389995
-11.0375542224661
-11.9335040088269
-11.5264108141511
-10.3428956239795
-11.4557112383242
-11.8611177047478
-12.6199243267713
-11.2867797678579
-11.0903883309718
-12.3353196777974
-12.5685385433342
-12.6685424439039
-11.4931552999446
-11.4533424387847
-12.2454610554542
-10.8017164814053
-11.7737922810745
-11.6447651123312
-11.7443457293789
-12.0373311044346
-11.2453495043579
-13.1369566618907
-13.2768990365352
-12.2390077994263
-12.1476603643156
-11.7893152660945
-10.6719770949419
-12.0998666469528
-12.2349282923453
-11.9886501187563
-11.5805200748939
-11.0710360732862
-11.1766555375678
-11.0936614088667
-11.9296382641508
-11.8478965632292
-12.6746641084945
-10.7407887758727
-12.1027112959540
-11.3275209633470
-10.3745307214319
-11.5315706622125
-12.8470403497792
-11.3873386756096
-12.0620693576309
-11.9803778924159
-12.7016127748996
-11.4797561349429
-13.1378224301855
-11.4172905445385
-11.8343659436804
-11.3769563983093
-10.7642094311663
-11.2852693468993
-11.4406088211044
-10.9908601727009
-10.6747026714028
-11.2480755197099
-12.1058619975276
-12.5100641159000
-10.9657690793177
-12.4791307267793
-11.6302721954061
-11.8443285927145
-11.6244173917979
-12.1501210254543
-11.9802024800287
-10.8053636859894
-11.9792440000868
-12.6823274023068
-11.8525848630533
-11.8650705592133
-11.1796426571675
-10.8857828694672
-10.9520778325469
-10.9468922140713
-11.7008888964955
-12.8263995778314
-11.6270939825421
-12.5111923382550
-13.1990105914542
-12.0233354703308
-11.3948622164389
-10.6303617478959
-11.9397547710912
-10.8169684489132
-12.1240741423178
-10.7131000210277
-12.3319096219966
-12.0359230386537
-11.4049193677826
-12.3900022795440
-11.6986693738119
-12.8750943919357
-11.9474714433748
-12.3238050945809
-11.4406377430648