8.64E-02	1	1	8964971	299.99554	0	1	1	0	0	46.188706	713.0787
8.64E-02	2	2	8996615.4	299.99957	0	1	1	0	0	46.191784	713.1411
8.64E-02	3	3	8999704.1	299.99996	0	1	1	0	0	46.192084	713.14718
8.64E-02	4	4	8999987.5	300	0	1	1	0	0	46.192112	713.14774
8.64E-02	5	5	8999999.7	300	0	1	1	0	0	46.192113	713.14777
8.64E-02	6	6	9000000	300	0	1	1	0	0	46.192113	713.14777
8.64E-02	7	7	9000000	300	0	1	1	0	0	46.192113	713.14777
8.64E-02	8	8	9000000	300	0	1	1	0	0	46.192113	713.14777
8.64E-02	9	9	9000000	300	0	1	1	0	0	46.192113	713.14777
8.64E-02	10	10	9000000	300	0	1	1	0	0	46.192113	713.14777
8.64E-02	11	11	9000000	300	0	1	1	0	0	46.192113	713.14777
8.64E-02	12	12	9000000	300	0	1	1	0	0	46.192113	713.14777
8.64E-02	13	13	9000000	300	0	1	1	0	0	46.192113	713.14777
8.64E-02	14	14	9000000	300	0	1	1	0	0	46.192113	713.14777
8.64E-02	15	15	9000000	300	0	1	1	0	0	46.192113	713.14777
8.64E-02	16	16	9000000	300	0	1	1	0	0	46.192113	713.14777
8.64E-02	17	17	9000000	300	0	1	1	0	0	46.192113	713.14777
8.64E-02	18	18	9000000	300	0	1	1	0	0	46.192113	713.14777
8.64E-02	19	19	9000000	300	0	1	1	0	0	46.192113	713.14777
8.64E-02	20	20	9000000	300	0	1	1	0	0	46.192113	713.14777
8.64E-02	21	21	9000000	300	0	1	1	0	0	46.192113	713.14777
8.64E-02	22	22	9000000	300	0	1	1	0	0	46.192113	713.14777
8.64E-02	23	23	9000000	300	0	1	1	0	0	46.192113	713.14777
8.64E-02	24	24	9000000	300	0	1	1	0	0	46.192113	713.14777
8.64E-02	25	25	9000000	300	0	1	1	0	0	46.192113	713.14777
8.64E-02	26	26	9000000	300	0	1	1	0	0	46.192113	713.14777
0.864	1	1	8796169.9	299.97401	0	1	1	0	0	46.172261	712.74508
0.864	2	2	8924546.4	299.99039	0	1	1	0	0	46.184772	712.99893
0.864	3	3	8968819.3	299.99603	0	1	1	0	0	46.189081	713.08629
0.864	4	4	8991320.5	299.9989	0	1	1	0	0	46.191269	713.13066
0.864	5	5	8998563.8	299.99982	0	1	1	0	0	46.191973	713.14494
0.864	6	6	8999870.7	299.99998	0	1	1	0	0	46.1921	713.14751
0.864	7	7	8999994	300	0	1	1	0	0	46.192112	713.14775
0.864	8	8	8999999.9	300	0	1	1	0	0	46.192113	713.14777
0.864	9	9	9000000	300	0	1	1	0	0	46.192113	713.14777
0.864	10	10	9000000	300	0	1	1	0	0	46.192113	713.14777
0.864	11	11	9000000	300	0	1	1	0	0	46.192113	713.14777
0.864	12	12	9000000	300	0	1	1	0	0	46.192113	713.14777
0.864	13	13	9000000	300	0	1	1	0	0	46.192113	713.14777
0.864	14	14	9000000	300	0	1	1	0	0	46.192113	713.14777
0.864	15	15	9000000	300	0	1	1	0	0	46.192113	713.14777
0.864	16	16	9000000	300	0	1	1	0	0	46.192113	713.14777
0.864	17	17	9000000	300	0	1	1	0	0	46.192113	713.14777
0.864	18	18	9000000	300	0	1	1	0	0	46.192113	713.14777
0.864	19	19	9000000	300	0	1	1	0	0	46.192113	713.14777
0.864	20	20	9000000	300	0	1	1	0	0	46.192113	713.14777
0.864	21	21	9000000	300	0	1	1	0	0	46.192113	713.14777
0.864	22	22	9000000	300	0	1	1	0	0	46.192113	713.14777
0.864	23	23	9000000	300	0	1	1	0	0	46.192113	713.14777
0.864	24	24	9000000	300	0	1	1	0	0	46.192113	713.14777
0.864	25	25	9000000	300	0	1	1	0	0	46.192113	713.14777
0.864	26	26	9000000	300	0	1	1	0	0	46.192113	713.14777
8.64	1	1	8585413.3	299.93984	1.62E-03	0.99837561	1	0	0	46.146172	712.3435
8.64	2	2	8727273.4	299.96519	0	1	1	0	0	46.165527	712.60855
8.64	3	3	8796903.9	299.9741	0	1	1	0	0	46.17233	712.74654
8.64	4	4	8862934.1	299.98253	0	1	1	0	0	46.178771	712.87719
8.64	5	5	8920886.1	299.98993	0	1	1	0	0	46.184416	712.9917
8.64	6	6	8964348.4	299.99546	0	1	1	0	0	46.188646	713.07747
8.64	7	7	8988942.5	299.99859	0	1	1	0	0	46.191038	713.12597
8.64	8	8	8997935.3	299.99974	0	1	1	0	0	46.191912	713.1437
8.64	9	9	8999790.7	299.99997	0	1	1	0	0	46.192092	713.14735
8.64	10	10	8999989.1	300	0	1	1	0	0	46.192112	713.14774
8.64	11	11	8999999.7	300	0	1	1	0	0	46.192113	713.14777
8.64	12	12	9000000	300	0	1	1	0	0	46.192113	713.14777
8.64	13	13	9000000	300	0	1	1	0	0	46.192113	713.14777
8.64	14	14	9000000	300	0	1	1	0	0	46.192113	713.14777
8.64	15	15	9000000	300	0	1	1	0	0	46.192113	713.14777
8.64	16	16	9000000	300	0	1	1	0	0	46.192113	713.14777
8.64	17	17	9000000	300	0	1	1	0	0	46.192113	713.14777
8.64	18	18	9000000	300	0	1	1	0	0	46.192113	713.14777
8.64	19	19	9000000	300	0	1	1	0	0	46.192113	713.14777
8.64	20	20	9000000	300	0	1	1	0	0	46.192113	713.14777
8.64	21	21	9000000	300	0	1	1	0	0	46.192113	713.14777
8.64	22	22	9000000	300	0	1	1	0	0	46.192113	713.14777
8.64	23	23	9000000	300	0	1	1	0	0	46.192113	713.14777
8.64	24	24	9000000	300	0	1	1	0	0	46.192113	713.14777
8.64	25	25	9000000	300	0	1	1	0	0	46.192113	713.14777
8.64	26	26	9000000	300	0	1	1	0	0	46.192113	713.14777
86.4	1	1	8558779.8	299.71936	5.11E-02	0.94890458	1	0	0	45.978218	712.7988
86.4	2	2	8657918.3	299.95625	0	1	1	0	0	46.158699	712.47101
86.4	3	3	8707374.6	299.96262	0	1	1	0	0	46.163565	712.56912
86.4	4	4	8756575.1	299.96894	0	1	1	0	0	46.168386	712.66666
86.4	5	5	8805224.7	299.97516	0	1	1	0	0	46.17314	712.76302
86.4	6	6	8852659.1	299.98122	0	1	1	0	0	46.177769	712.85688
86.4	7	7	8897598.9	299.98696	0	1	1	0	0	46.182148	712.94571
86.4	8	8	8937621.1	299.99206	0	1	1	0	0	46.186045	713.02474
86.4	9	9	8969134.3	299.99607	0	1	1	0	0	46.189111	713.08691
86.4	10	10	8988888.5	299.99859	0	1	1	0	0	46.191032	713.12586
86.4	11	11	8997442.5	299.99967	0	1	1	0	0	46.191864	713.14273
86.4	12	12	8999664.6	299.99996	0	1	1	0	0	46.19208	713.14711
86.4	13	13	8999976.8	300	0	1	1	0	0	46.19211	713.14772
86.4	14	14	8999999.2	300	0	1	1	0	0	46.192113	713.14776
86.4	15	15	9000000	300	0	1	1	0	0	46.192113	713.14777
86.4	16	16	9000000	300	0	1	1	0	0	46.192113	713.14777
86.4	17	17	9000000	300	0	1	1	0	0	46.192113	713.14777
86.4	18	18	9000000	300	0	1	1	0	0	46.192113	713.14777
86.4	19	19	9000000	300	0	1	1	0	0	46.192113	713.14777
86.4	20	20	9000000	300	0	1	1	0	0	46.192113	713.14777
86.4	21	21	9000000	300	0	1	1	0	0	46.192113	713.14777
86.4	22	22	9000000	300	0	1	1	0	0	46.192113	713.14777
86.4	23	23	9000000	300	0	1	1	0	0	46.192113	713.14777
86.4	24	24	9000000	300	0	1	1	0	0	46.192113	713.14777
86.4	25	25	9000000	300	0	1	1	0	0	46.192113	713.14777
86.4	26	26	9000000	300	0	1	1	0	0	46.192113	713.14777
864	1	1	7948852.1	294.52032	0.29092866	0.70907134	1	0	0	42.194623	723.30213
864	2	2	8468224.9	298.96579	0.19039907	0.80960093	1	0	0	45.408923	714.34876
864	3	3	8555985	299.6962	5.65E-02	0.9435053	1	0	0	45.960608	712.84659
864	4	4	8605302.6	299.94943	0	1	1	0	0	46.153493	712.36658
864	5	5	8654517.9	299.95582	0	1	1	0	0	46.158369	712.46425
864	6	6	8703520.7	299.96213	0	1	1	0	0	46.163189	712.56147
864	7	7	8752171.3	299.96837	0	1	1	0	0	46.167956	712.65793
864	8	8	8800134.1	299.97451	0	1	1	0	0	46.172644	712.75294
864	9	9	8846831.9	299.98048	0	1	1	0	0	46.177201	712.84535
864	10	10	8891182.3	299.98614	0	1	1	0	0	46.181523	712.93303
864	11	11	8931308.9	299.99125	0	1	1	0	0	46.185431	713.01228
864	12	12	8964260.4	299.99545	0	1	1	0	0	46.188637	713.0773
864	13	13	8986508.9	299.99828	0	1	1	0	0	46.190801	713.12117
864	14	14	8996919.4	299.99961	0	1	1	0	0	46.191813	713.14169
864	15	15	8999639.5	299.99995	0	1	1	0	0	46.192078	713.14706
864	16	16	8999980.2	300	0	1	1	0	0	46.192111	713.14773
864	17	17	8999999.5	300	0	1	1	0	0	46.192113	713.14777
864	18	18	9000000	300	0	1	1	0	0	46.192113	713.14777
864	19	19	9000000	300	0	1	1	0	0	46.192113	713.14777
864	20	20	9000000	300	0	1	1	0	0	46.192113	713.14777
864	21	21	9000000	300	0	1	1	0	0	46.192113	713.14777
864	22	22	9000000	300	0	1	1	0	0	46.192113	713.14777
864	23	23	9000000	300	0	1	1	0	0	46.192113	713.14777
864	24	24	9000000	300	0	1	1	0	0	46.192113	713.14777
864	25	25	9000000	300	0	1	1	0	0	46.192113	713.14777
864	26	26	9000000	300	0	1	1	0	0	46.192113	713.14777
1728	1	1	7353602.3	289.1434	0.28401125	0.71598875	1	0	0	38.611988	733.72442
1728	2	2	8164704.6	296.39409	0.24576121	0.75423879	1	0	0	43.520151	719.56707
1728	3	3	8453616	298.84364	0.20261619	0.79738381	1	0	0	45.317333	714.59909
1728	4	4	8550650.1	299.65196	6.63E-02	0.93368486	1	0	0	45.926999	712.93783
1728	5	5	8600695.5	299.94884	0	1	1	0	0	46.153043	712.35741
1728	6	6	8650612.4	299.95532	0	1	1	0	0	46.157987	712.45648
1728	7	7	8700334.3	299.96172	0	1	1	0	0	46.162878	712.55515
1728	8	8	8749659.6	299.96805	0	1	1	0	0	46.167711	712.65295
1728	9	9	8798260.8	299.97427	0	1	1	0	0	46.172461	712.74923
1728	10	10	8845513	299.98031	0	1	1	0	0	46.177072	712.84274
1728	11	11	8890334	299.98603	0	1	1	0	0	46.181441	712.93135
1728	12	12	8930884.4	299.9912	0	1	1	0	0	46.185389	713.01144
1728	13	13	8964185.7	299.99544	0	1	1	0	0	46.18863	713.07715
1728	14	14	8986696.7	299.99831	0	1	1	0	0	46.190819	713.12154
1728	15	15	8997098.9	299.99963	0	1	1	0	0	46.191831	713.14205
1728	16	16	8999688.6	299.99996	0	1	1	0	0	46.192082	713.14715
1728	17	17	8999984.9	300	0	1	1	0	0	46.192111	713.14774
1728	18	18	8999999.7	300	0	1	1	0	0	46.192113	713.14777
1728	19	19	9000000	300	0	1	1	0	0	46.192113	713.14777
1728	20	20	9000000	300	0	1	1	0	0	46.192113	713.14777
1728	21	21	9000000	300	0	1	1	0	0	46.192113	713.14777
1728	22	22	9000000	300	0	1	1	0	0	46.192113	713.14777
1728	23	23	9000000	300	0	1	1	0	0	46.192113	713.14777
1728	24	24	9000000	300	0	1	1	0	0	46.192113	713.14777
1728	25	25	9000000	300	0	1	1	0	0	46.192113	713.14777
1728	26	26	9000000	300	0	1	1	0	0	46.192113	713.14777
2592	1	1	7004551.2	285.83394	0.30710898	0.69289102	1	0	0	36.558457	739.93435
2592	2	2	7941478.1	294.45562	0.26687084	0.73312916	1	0	0	42.149594	723.43011
2592	3	3	8308662.1	297.62279	0.23605221	0.76394779	1	0	0	44.4123	717.08742
2592	4	4	8502444.6	299.25128	0.15359779	0.84640221	1	0	0	45.623737	713.76269
2592	5	5	8576824.5	299.8688	1.75E-02	0.98250226	1	0	0	46.091984	712.4903
2592	6	6	8625451	299.95205	0	1	1	0	0	46.155495	712.40656
2592	7	7	8674011.8	299.95833	0	1	1	0	0	46.16029	712.50293
2592	8	8	8722405.4	299.96456	0	1	1	0	0	46.165042	712.59892
2592	9	9	8770472.4	299.97072	0	1	1	0	0	46.169746	712.69419
2592	10	10	8817857.7	299.97678	0	1	1	0	0	46.174374	712.78803
2592	11	11	8863881.7	299.98265	0	1	1	0	0	46.178863	712.87907
2592	12	12	8907237.6	299.98819	0	1	1	0	0	46.183087	712.96475
2592	13	13	8945466.6	299.99306	0	1	1	0	0	46.186809	713.04022
2592	14	14	8974968.2	299.99681	0	1	1	0	0	46.189679	713.09842
2592	15	15	8992431.8	299.99904	0	1	1	0	0	46.191377	713.13285
2592	16	16	8998777.5	299.99984	0	1	1	0	0	46.191994	713.14536
2592	17	17	8999908.7	299.99999	0	1	1	0	0	46.192104	713.14759
2592	18	18	8999997	300	0	1	1	0	0	46.192112	713.14776
2592	19	19	9000000	300	0	1	1	0	0	46.192113	713.14777
2592	20	20	9000000	300	0	1	1	0	0	46.192113	713.14777
2592	21	21	9000000	300	0	1	1	0	0	46.192113	713.14777
2592	22	22	9000000	300	0	1	1	0	0	46.192113	713.14777
2592	23	23	9000000	300	0	1	1	0	0	46.192113	713.14777
2592	24	24	9000000	300	0	1	1	0	0	46.192113	713.14777
2592	25	25	9000000	300	0	1	1	0	0	46.192113	713.14777
2592	26	26	9000000	300	0	1	1	0	0	46.192113	713.14777
3456	1	1	6826613.8	284.09818	0.29098545	0.70901455	1	0	0	35.524456	743.13251
3456	2	2	7764649.7	292.89028	0.26629809	0.73370191	1	0	0	41.074747	726.50706
3456	3	3	8166021.3	296.4054	0.24589956	0.75410044	1	0	0	43.52828	719.54435
3456	4	4	8452865.6	298.83736	0.20326828	0.79673172	1	0	0	45.31263	714.61195
3456	5	5	8549866.6	299.64546	6.78E-02	0.93222579	1	0	0	45.922064	712.95123
3456	6	6	8599922.5	299.94874	0	1	1	0	0	46.152967	712.35587
3456	7	7	8649885.3	299.95522	0	1	1	0	0	46.157916	712.45504
3456	8	8	8699639.3	299.96163	0	1	1	0	0	46.16281	712.55377
3456	9	9	8749012.9	299.96797	0	1	1	0	0	46.167647	712.65167
3456	10	10	8797658.2	299.9742	0	1	1	0	0	46.172402	712.74804
3456	11	11	8844975.2	299.98024	0	1	1	0	0	46.17702	712.84168
3456	12	12	8889918.3	299.98598	0	1	1	0	0	46.1814	712.93053
3456	13	13	8930594.4	299.99116	0	1	1	0	0	46.185361	713.01087
3456	14	14	8964081.7	299.99543	0	1	1	0	0	46.18862	713.07695
3456	15	15	8986758.7	299.99831	0	1	1	0	0	46.190825	713.12167
3456	16	16	8997175	299.99964	0	1	1	0	0	46.191838	713.1422
3456	17	17	8999709.4	299.99996	0	1	1	0	0	46.192084	713.14719
3456	18	18	8999986.8	300	0	1	1	0	0	46.192111	713.14774
3456	19	19	8999999.7	300	0	1	1	0	0	46.192113	713.14777
3456	20	20	9000000	300	0	1	1	0	0	46.192113	713.14777
3456	21	21	9000000	300	0	1	1	0	0	46.192113	713.14777
3456	22	22	9000000	300	0	1	1	0	0	46.192113	713.14777
3456	23	23	9000000	300	0	1	1	0	0	46.192113	713.14777
3456	24	24	9000000	300	0	1	1	0	0	46.192113	713.14777
3456	25	25	9000000	300	0	1	1	0	0	46.192113	713.14777
3456	26	26	9000000	300	0	1	1	0	0	46.192113	713.14777
4320	1	1	6646682.4	282.30751	0.31058947	0.68941053	1	0	0	34.487419	746.391
4320	2	2	7641148.4	291.78076	0.27777031	0.72222969	1	0	0	40.329605	728.66562
4320	3	3	8061175.5	295.50016	0.25791157	0.74208843	1	0	0	42.882585	721.35586
4320	4	4	8384726.6	298.26544	0.22693451	0.77306549	1	0	0	44.886368	715.78065
4320	5	5	8523499.6	299.4265	0.11716406	0.88283594	1	0	0	45.7561	713.40231
4320	6	6	8584740.4	299.93427	2.83E-03	0.99716717	1	0	0	46.141925	712.355
4320	7	7	8633951	299.95316	0	1	1	0	0	46.156342	712.42341
4320	8	8	8683107.6	299.95951	0	1	1	0	0	46.161187	712.52097
4320	9	9	8732135.3	299.96581	0	1	1	0	0	46.165996	712.61821
4320	10	10	8780821.6	299.97204	0	1	1	0	0	46.170758	712.7147
4320	11	11	8828728.3	299.97817	0	1	1	0	0	46.175435	712.80954
4320	12	12	8874959.5	299.98407	0	1	1	0	0	46.179943	712.90097
4320	13	13	8917726.5	299.98952	0	1	1	0	0	46.184108	712.98546
4320	14	14	8954223.7	299.99417	0	1	1	0	0	46.187661	713.0575
4320	15	15	8980832.5	299.99756	0	1	1	0	0	46.190249	713.10998
4320	16	16	8995015.6	299.99937	0	1	1	0	0	46.191628	713.13794
4320	17	17	8999344.7	299.99992	0	1	1	0	0	46.192049	713.14647
4320	18	18	8999961.3	300	0	1	1	0	0	46.192109	713.14769
4320	19	19	8999999	300	0	1	1	0	0	46.192113	713.14776
4320	20	20	9000000	300	0	1	1	0	0	46.192113	713.14777
4320	21	21	9000000	300	0	1	1	0	0	46.192113	713.14777
4320	22	22	9000000	300	0	1	1	0	0	46.192113	713.14777
4320	23	23	9000000	300	0	1	1	0	0	46.192113	713.14777
4320	24	24	9000000	300	0	1	1	0	0	46.192113	713.14777
4320	25	25	9000000	300	0	1	1	0	0	46.192113	713.14777
4320	26	26	9000000	300	0	1	1	0	0	46.192113	713.14777
5184	1	1	6343983.6	279.2098	0.31765983	0.68234017	1	0	0	32.761666	751.93333
5184	2	2	7455801.7	290.08965	0.28816213	0.71183787	1	0	0	39.219728	731.9209
5184	3	3	7933589.5	294.38636	0.26850064	0.73149936	1	0	0	42.101441	723.56705
5184	4	4	8306727.1	297.60638	0.23702772	0.76297228	1	0	0	44.400264	717.1207
5184	5	5	8502176.5	299.24904	0.15401527	0.84598473	1	0	0	45.622052	713.76728
5184	6	6	8576689.3	299.86768	1.77E-02	0.98225027	1	0	0	46.091131	712.49261
5184	7	7	8625329.1	299.95204	0	1	1	0	0	46.155483	712.40631
5184	8	8	8673884.8	299.95832	0	1	1	0	0	46.160278	712.50267
5184	9	9	8722281.6	299.96454	0	1	1	0	0	46.16503	712.59868
5184	10	10	8770335.2	299.9707	0	1	1	0	0	46.169732	712.69392
5184	11	11	8817709.6	299.97676	0	1	1	0	0	46.17436	712.78773
5184	12	12	8863756	299.98264	0	1	1	0	0	46.178851	712.87882
5184	13	13	8907109.2	299.98817	0	1	1	0	0	46.183075	712.96449
5184	14	14	8945384.2	299.99305	0	1	1	0	0	46.186801	713.04006
5184	15	15	8974965.7	299.99681	0	1	1	0	0	46.189678	713.09841
5184	16	16	8992470.6	299.99904	0	1	1	0	0	46.191381	713.13293
5184	17	17	8998800.5	299.99985	0	1	1	0	0	46.191996	713.1454
5184	18	18	8999912.4	299.99999	0	1	1	0	0	46.192104	713.14759
5184	19	19	8999997.2	300	0	1	1	0	0	46.192112	713.14776
5184	20	20	9000000	300	0	1	1	0	0	46.192113	713.14777
5184	21	21	9000000	300	0	1	1	0	0	46.192113	713.14777
5184	22	22	9000000	300	0	1	1	0	0	46.192113	713.14777
5184	23	23	9000000	300	0	1	1	0	0	46.192113	713.14777
5184	24	24	9000000	300	0	1	1	0	0	46.192113	713.14777
5184	25	25	9000000	300	0	1	1	0	0	46.192113	713.14777
5184	26	26	9000000	300	0	1	1	0	0	46.192113	713.14777
6048	1	1	6277838.3	278.51794	0.30452935	0.69547065	1	0	0	32.38763	753.15528
6048	2	2	7349984.1	289.10972	0.28291205	0.71708795	1	0	0	38.590526	733.78839
6048	3	3	7828810.3	293.46137	0.26774656	0.73225344	1	0	0	41.463653	725.38881
6048	4	4	8227319.2	296.93053	0.24287059	0.75712941	1	0	0	43.907384	718.48747
6048	5	5	8479133.4	299.05689	0.18315601	0.81684399	1	0	0	45.477359	714.16188
6048	6	6	8564165.3	299.76399	4.10E-02	0.9589523	1	0	0	46.012161	712.70672
6048	7	7	8613363.4	299.95048	0	1	1	0	0	46.154298	712.38256
6048	8	8	8662452.3	299.95684	0	1	1	0	0	46.159152	712.47999
6048	9	9	8711345.5	299.96314	0	1	1	0	0	46.163958	712.57699
6048	10	10	8759849.4	299.96936	0	1	1	0	0	46.168707	712.67315
6048	11	11	8807635.5	299.97547	0	1	1	0	0	46.173376	712.76779
6048	12	12	8854117.2	299.98141	0	1	1	0	0	46.177911	712.85976
6048	13	13	8898114.6	299.98702	0	1	1	0	0	46.182199	712.94672
6048	14	14	8937611.7	299.99206	0	1	1	0	0	46.186044	713.02472
6048	15	15	8969365.6	299.9961	0	1	1	0	0	46.189134	713.08737
6048	16	16	8989685.2	299.99869	0	1	1	0	0	46.19111	713.12743
6048	17	17	8998078.1	299.99976	0	1	1	0	0	46.191926	713.14398
6048	18	18	8999832.2	299.99998	0	1	1	0	0	46.192096	713.14744
6048	19	19	8999993.6	300	0	1	1	0	0	46.192112	713.14775
6048	20	20	8999999.9	300	0	1	1	0	0	46.192113	713.14777
6048	21	21	9000000	300	0	1	1	0	0	46.192113	713.14777
6048	22	22	9000000	300	0	1	1	0	0	46.192113	713.14777
6048	23	23	9000000	300	0	1	1	0	0	46.192113	713.14777
6048	24	24	9000000	300	0	1	1	0	0	46.192113	713.14777
6048	25	25	9000000	300	0	1	1	0	0	46.192113	713.14777
6048	26	26	9000000	300	0	1	1	0	0	46.192113	713.14777
6912	1	1	6286359.3	278.60738	0.29955999	0.70044001	1	0	0	32.435754	752.99764
6912	2	2	7308940.2	288.72673	0.27804751	0.72195249	1	0	0	38.347333	734.51458
6912	3	3	7769326.2	292.93202	0.26473243	0.73526757	1	0	0	41.103051	726.42548
6912	4	4	8165650.8	296.40222	0.24510794	0.75489206	1	0	0	43.525993	719.55074
6912	5	5	8452037.7	298.83043	0.20355907	0.79644093	1	0	0	45.307442	714.62614
6912	6	6	8549509	299.64249	6.85E-02	0.93154854	1	0	0	45.919811	712.95735
6912	7	7	8599624	299.9487	0	1	1	0	0	46.152938	712.35528
6912	8	8	8649627.1	299.95519	0	1	1	0	0	46.157891	712.45452
6912	9	9	8699429.8	299.96161	0	1	1	0	0	46.162789	712.55335
6912	10	10	8748834	299.96795	0	1	1	0	0	46.16763	712.65131
6912	11	11	8797509.1	299.97418	0	1	1	0	0	46.172388	712.74774
6912	12	12	8844881.5	299.98023	0	1	1	0	0	46.17701	712.84149
6912	13	13	8889836.4	299.98597	0	1	1	0	0	46.181392	712.93037
6912	14	14	8930545.6	299.99116	0	1	1	0	0	46.185356	713.01077
6912	15	15	8964078.8	299.99543	0	1	1	0	0	46.188619	713.07694
6912	16	16	8986775.7	299.99832	0	1	1	0	0	46.190827	713.1217
6912	17	17	8997192	299.99964	0	1	1	0	0	46.19184	713.14223
6912	18	18	8999713.7	299.99996	0	1	1	0	0	46.192085	713.1472
6912	19	19	8999987.1	300	0	1	1	0	0	46.192111	713.14774
6912	20	20	8999999.8	300	0	1	1	0	0	46.192113	713.14777
6912	21	21	9000000	300	0	1	1	0	0	46.192113	713.14777
6912	22	22	9000000	300	0	1	1	0	0	46.192113	713.14777
6912	23	23	9000000	300	0	1	1	0	0	46.192113	713.14777
6912	24	24	9000000	300	0	1	1	0	0	46.192113	713.14777
6912	25	25	9000000	300	0	1	1	0	0	46.192113	713.14777
6912	26	26	9000000	300	0	1	1	0	0	46.192113	713.14777
7776	1	1	6196425.7	277.65871	0.31008502	0.68991498	1	0	0	31.928744	754.66494
7776	2	2	7250798.3	288.18137	0.28347575	0.71652425	1	0	0	38.003646	735.54511
7776	3	3	7716867.7	292.46262	0.26893613	0.73106387	1	0	0	40.785918	727.34123
7776	4	4	8115476.5	295.97011	0.25032807	0.74967193	1	0	0	43.21657	720.41705
7776	5	5	8419794.3	298.56022	0.21781583	0.78218417	1	0	0	45.105555	715.17896
7776	6	6	8535393.5	299.52533	9.49E-02	0.90505705	1	0	0	45.830936	713.1988
7776	7	7	8586350.2	299.94698	0	1	1	0	0	46.151622	712.32891
7776	8	8	8637198.1	299.95359	0	1	1	0	0	46.156667	712.42984
7776	9	9	8687851.7	299.96012	0	1	1	0	0	46.161654	712.53038
7776	10	10	8738119	299.96657	0	1	1	0	0	46.166582	712.63007
7776	11	11	8787681.3	299.97292	0	1	1	0	0	46.171428	712.72828
7776	12	12	8835989.1	299.97909	0	1	1	0	0	46.176143	712.8239
7776	13	13	8881974.6	299.98496	0	1	1	0	0	46.180626	712.91483
7776	14	14	8923910.6	299.99031	0	1	1	0	0	46.184711	712.99767
7776	15	15	8959047.6	299.99479	0	1	1	0	0	46.18813	713.06702
7776	16	16	8983814.7	299.99794	0	1	1	0	0	46.190539	713.11586
7776	17	17	8996164.9	299.99951	0	1	1	0	0	46.19174	713.14021
7776	18	18	8999552.3	299.99994	0	1	1	0	0	46.192069	713.14688
7776	19	19	8999976.7	300	0	1	1	0	0	46.19211	713.14772
7776	20	20	8999999.5	300	0	1	1	0	0	46.192113	713.14777
7776	21	21	9000000	300	0	1	1	0	0	46.192113	713.14777
7776	22	22	9000000	300	0	1	1	0	0	46.192113	713.14777
7776	23	23	9000000	300	0	1	1	0	0	46.192113	713.14777
7776	24	24	9000000	300	0	1	1	0	0	46.192113	713.14777
7776	25	25	9000000	300	0	1	1	0	0	46.192113	713.14777
7776	26	26	9000000	300	0	1	1	0	0	46.192113	713.14777
8640	1	1	5985794	275.39503	0.3242615	0.6757385	1	0	0	30.74898	758.60113
8640	2	2	7137846.4	287.1123	0.29477753	0.70522247	1	0	0	37.338668	737.55335
8640	3	3	7640291	291.77301	0.27854581	0.72145419	1	0	0	40.324448	728.68063
8640	4	4	8062065.6	295.50789	0.2580241	0.7419759	1	0	0	42.888052	721.34046
8640	5	5	8384740	298.26556	0.22653835	0.77346165	1	0	0	44.886451	715.78042
8640	6	6	8523385.7	299.42555	0.11738843	0.88261157	1	0	0	45.755383	713.40426
8640	7	7	8584690.1	299.93386	2.93E-03	0.99707391	1	0	0	46.141608	712.35586
8640	8	8	8633903.2	299.95315	0	1	1	0	0	46.156337	712.42332
8640	9	9	8683070.6	299.9595	0	1	1	0	0	46.161183	712.52089
8640	10	10	8732091.6	299.9658	0	1	1	0	0	46.165991	712.61813
8640	11	11	8780771.7	299.97204	0	1	1	0	0	46.170753	712.7146
8640	12	12	8828700.6	299.97816	0	1	1	0	0	46.175432	712.80948
8640	13	13	8874914.5	299.98406	0	1	1	0	0	46.179938	712.90088
8640	14	14	8917693.5	299.98952	0	1	1	0	0	46.184105	712.9854
8640	15	15	8954223.5	299.99417	0	1	1	0	0	46.187661	713.0575
8640	16	16	8980840.2	299.99756	0	1	1	0	0	46.19025	713.11
8640	17	17	8995025.5	299.99937	0	1	1	0	0	46.191629	713.13796
8640	18	18	8999347.9	299.99992	0	1	1	0	0	46.192049	713.14648
8640	19	19	8999961.6	300	0	1	1	0	0	46.192109	713.14769
8640	20	20	8999999	300	0	1	1	0	0	46.192113	713.14776
8640	21	21	9000000	300	0	1	1	0	0	46.192113	713.14777
8640	22	22	9000000	300	0	1	1	0	0	46.192113	713.14777
8640	23	23	9000000	300	0	1	1	0	0	46.192113	713.14777
8640	24	24	9000000	300	0	1	1	0	0	46.192113	713.14777
8640	25	25	9000000	300	0	1	1	0	0	46.192113	713.14777
8640	26	26	9000000	300	0	1	1	0	0	46.192113	713.14777
21600	1	1	4923398.5	262.94858	0.33506269	0.66493731	1	0	0	24.952475	779.25603
21600	2	2	6268419.7	278.41897	0.31162032	0.68837968	1	0	0	32.334458	753.32961
21600	3	3	6877110.9	284.59425	0.29975856	0.70024144	1	0	0	35.817033	742.22253
21600	4	4	7424905.6	289.80464	0.28635055	0.71364945	1	0	0	39.035685	732.46546
21600	5	5	7903446	294.12121	0.26841676	0.73158324	1	0	0	41.917617	724.09059
21600	6	6	8285483.7	297.42606	0.23894297	0.76105703	1	0	0	44.268211	717.48608
21600	7	7	8496424.6	299.20112	0.16240574	0.83759426	1	0	0	45.585918	713.86576
21600	8	8	8573714.5	299.84306	2.33E-02	0.97671747	1	0	0	46.072369	712.54346
21600	9	9	8622466.8	299.95166	0	1	1	0	0	46.1552	712.40063
21600	10	10	8671119.3	299.95796	0	1	1	0	0	46.160005	712.49719
21600	11	11	8719586.4	299.96419	0	1	1	0	0	46.164765	712.59333
21600	12	12	8767726.3	299.97037	0	1	1	0	0	46.169477	712.68875
21600	13	13	8815162.8	299.97643	0	1	1	0	0	46.174111	712.78269
21600	14	14	8861264.7	299.98232	0	1	1	0	0	46.178608	712.87389
21600	15	15	8904785.4	299.98787	0	1	1	0	0	46.182848	712.9599
21600	16	16	8943389.2	299.99279	0	1	1	0	0	46.186606	713.03612
21600	17	17	8973550.6	299.99663	0	1	1	0	0	46.189541	713.09562
21600	18	18	8991792.3	299.99896	0	1	1	0	0	46.191315	713.13159
21600	19	19	8998633.1	299.99983	0	1	1	0	0	46.19198	713.14507
21600	20	20	8999894.9	299.99999	0	1	1	0	0	46.192102	713.14756
21600	21	21	8999996.5	300	0	1	1	0	0	46.192112	713.14776
21600	22	22	8999999.9	300	0	1	1	0	0	46.192113	713.14777
21600	23	23	9000000	300	0	1	1	0	0	46.192113	713.14777
21600	24	24	9000000	300	0	1	1	0	0	46.192113	713.14777
21600	25	25	9000000	300	0	1	1	0	0	46.192113	713.14777
21600	26	26	9000000	300	0	1	1	0	0	46.192113	713.14777
43200	1	1	4075839.4	251.44826	0.34987577	0.65012423	1	0	0	20.493428	797.01969
43200	2	2	5577714.4	270.83051	0.3238708	0.6761292	1	0	0	28.49297	766.36376
43200	3	3	6252835.6	278.25497	0.31209307	0.68790693	1	0	0	32.246528	753.61824
43200	4	4	6864589.4	284.4715	0.30037094	0.69962906	1	0	0	35.744421	742.44799
43200	5	5	7416205.7	289.72422	0.28711786	0.71288214	1	0	0	38.983911	732.61891
43200	6	6	7898816.6	294.08043	0.26927708	0.73072292	1	0	0	41.88941	724.17103
43200	7	7	8284451.4	297.41729	0.23963413	0.76036587	1	0	0	44.261797	717.50385
43200	8	8	8496453.9	299.20136	0.16258354	0.83741646	1	0	0	45.586102	713.86526
43200	9	9	8573923.6	299.84479	2.29E-02	0.97711525	1	0	0	46.073688	712.53989
43200	10	10	8622625.7	299.95169	0	1	1	0	0	46.155215	712.40095
43200	11	11	8671227.8	299.95797	0	1	1	0	0	46.160016	712.4974
43200	12	12	8719671	299.96421	0	1	1	0	0	46.164774	712.5935
43200	13	13	8767743	299.97037	0	1	1	0	0	46.169479	712.68879
43200	14	14	8815136.8	299.97643	0	1	1	0	0	46.174108	712.78264
43200	15	15	8861224.8	299.98232	0	1	1	0	0	46.178604	712.87382
43200	16	16	8904717.2	299.98786	0	1	1	0	0	46.182842	712.95977
43200	17	17	8943336.2	299.99279	0	1	1	0	0	46.186601	713.03602
43200	18	18	8973534	299.99663	0	1	1	0	0	46.189539	713.09559
43200	19	19	8991802.2	299.99896	0	1	1	0	0	46.191316	713.13161
43200	20	20	8998642.8	299.99983	0	1	1	0	0	46.191981	713.14509
43200	21	21	8999896.6	299.99999	0	1	1	0	0	46.192103	713.14756
43200	22	22	8999996.6	300	0	1	1	0	0	46.192112	713.14776
43200	23	23	9000000	300	0	1	1	0	0	46.192113	713.14777
43200	24	24	9000000	300	0	1	1	0	0	46.192113	713.14777
43200	25	25	9000000	300	0	1	1	0	0	46.192113	713.14777
43200	26	26	9000000	300	0	1	1	0	0	46.192113	713.14777
64800	1	1	3789422.2	247.14745	0.35889285	0.64110715	1	0	0	19.015705	803.37347
64800	2	2	5355117.2	268.23232	0.32882482	0.67117518	1	0	0	27.278219	770.68286
64800	3	3	6047928.7	276.06904	0.31552321	0.68447679	1	0	0	31.095892	757.4353
64800	4	4	6665214	282.49363	0.30235972	0.69764028	1	0	0	34.593835	746.05421
64800	5	5	7213345.5	287.82831	0.28845396	0.71154604	1	0	0	37.782757	736.21008
64800	6	6	7692543.6	292.24414	0.27276352	0.72723648	1	0	0	40.639147	727.76634
64800	7	7	8097373.6	295.81371	0.25318851	0.74681149	1	0	0	43.105124	720.72989
64800	8	8	8407161	298.45413	0.22187309	0.77812691	1	0	0	45.026546	715.39566
64800	9	9	8530565.5	299.48523	0.10398708	0.89601292	1	0	0	45.800553	713.2814
64800	10	10	8585961.4	299.94437	5.79E-04	0.99942114	1	0	0	46.14963	712.33414
64800	11	11	8635845.7	299.95341	0	1	1	0	0	46.156532	712.42716
64800	12	12	8685699.2	299.95984	0	1	1	0	0	46.161442	712.52611
64800	13	13	8735366.6	299.96622	0	1	1	0	0	46.166312	712.62462
64800	14	14	8784609.6	299.97253	0	1	1	0	0	46.171128	712.7222
64800	15	15	8832891.3	299.9787	0	1	1	0	0	46.175841	712.81777
64800	16	16	8879112.9	299.9846	0	1	1	0	0	46.180347	712.90918
64800	17	17	8921475.5	299.99	0	1	1	0	0	46.184473	712.99286
64800	18	18	8957189.2	299.99455	0	1	1	0	0	46.187949	713.06335
64800	19	19	8982701.6	299.9978	0	1	1	0	0	46.190431	713.11367
64800	20	20	8995763.3	299.99946	0	1	1	0	0	46.191701	713.13942
64800	21	21	8999485.7	299.99993	0	1	1	0	0	46.192063	713.14675
64800	22	22	8999972.2	300	0	1	1	0	0	46.19211	713.14771
64800	23	23	8999999.4	300	0	1	1	0	0	46.192113	713.14776
64800	24	24	9000000	300	0	1	1	0	0	46.192113	713.14777
64800	25	25	9000000	300	0	1	1	0	0	46.192113	713.14777
64800	26	26	9000000	300	0	1	1	0	0	46.192113	713.14777
86400	1	1	3117861.7	235.98675	0.3685697	0.6314303	1	0	0	15.60162	819.19823
86400	2	2	4822346.5	261.661	0.33695968	0.66304032	1	0	0	24.413624	781.3042
86400	3	3	5574328.5	270.79159	0.32405845	0.67594155	1	0	0	28.474411	766.42899
86400	4	4	6250332	278.22859	0.3122816	0.6877184	1	0	0	32.232408	753.66463
86400	5	5	6862996.7	284.45588	0.30055581	0.69944419	1	0	0	35.735188	742.47668
86400	6	6	7415224.3	289.71514	0.2872908	0.7127092	1	0	0	38.978072	732.63622
86400	7	7	7898562.4	294.07818	0.26939835	0.73060165	1	0	0	41.887861	724.17545
86400	8	8	8284418.5	297.41701	0.23966684	0.76033316	1	0	0	44.261592	717.50441
86400	9	9	8496440.3	299.20125	0.16252347	0.83747653	1	0	0	45.586017	713.86549
86400	10	10	8573912	299.84469	2.29E-02	0.9770932	1	0	0	46.073615	712.54009
86400	11	11	8622604.1	299.95168	0	1	1	0	0	46.155213	712.40091
86400	12	12	8671223.3	299.95797	0	1	1	0	0	46.160016	712.49739
86400	13	13	8719639.2	299.9642	0	1	1	0	0	46.164771	712.59344
86400	14	14	8767707	299.97036	0	1	1	0	0	46.169476	712.68872
86400	15	15	8815118.9	299.97643	0	1	1	0	0	46.174107	712.78261
86400	16	16	8861192.9	299.98231	0	1	1	0	0	46.178601	712.87375
86400	17	17	8904691	299.98786	0	1	1	0	0	46.182839	712.95972
86400	18	18	8943321	299.99278	0	1	1	0	0	46.1866	713.03599
86400	19	19	8973531	299.99663	0	1	1	0	0	46.189539	713.09558
86400	20	20	8991809.7	299.99896	0	1	1	0	0	46.191316	713.13162
86400	21	21	8998646.5	299.99983	0	1	1	0	0	46.191981	713.1451
86400	22	22	8999897.3	299.99999	0	1	1	0	0	46.192103	713.14756
86400	23	23	8999996.6	300	0	1	1	0	0	46.192112	713.14776
86400	24	24	9000000	300	0	1	1	0	0	46.192113	713.14777
86400	25	25	9000000	300	0	1	1	0	0	46.192113	713.14777
86400	26	26	9000000	300	0	1	1	0	0	46.192113	713.14777
108000	1	1	3381801.6	240.5747	0.35613969	0.64386031	1	0	0	16.935434	812.80445
108000	2	2	4940549.2	263.1651	0.325366	0.674634	1	0	0	25.044133	778.91006
108000	3	3	5629432.1	271.42281	0.31235385	0.68764615	1	0	0	28.776776	765.36924
108000	4	4	6248407	278.20831	0.30048169	0.69951831	1	0	0	32.221551	753.70031
108000	5	5	6809989	283.93425	0.28915831	0.71084169	1	0	0	35.428281	743.43252
108000	6	6	7320709.3	288.83672	0.27761897	0.72238103	1	0	0	38.417019	734.30624
108000	7	7	7780723.1	293.03368	0.26414269	0.73585731	1	0	0	41.172059	726.22672
108000	8	8	8175866.4	296.48995	0.24399784	0.75600216	1	0	0	43.589089	719.3745
108000	9	9	8457500.1	298.87613	0.20030773	0.79969227	1	0	0	45.341677	714.53253
108000	10	10	8552074.2	299.66377	6.36E-02	0.93637122	1	0	0	45.93597	712.91347
108000	11	11	8602040.2	299.94902	0	1	1	0	0	46.153177	712.36007
108000	12	12	8651912.5	299.95548	0	1	1	0	0	46.158116	712.45906
108000	13	13	8701547.5	299.96188	0	1	1	0	0	46.162997	712.55755
108000	14	14	8750787.4	299.9682	0	1	1	0	0	46.167821	712.65519
108000	15	15	8799321.6	299.97441	0	1	1	0	0	46.172565	712.75133
108000	16	16	8846511.1	299.98044	0	1	1	0	0	46.177169	712.84472
108000	17	17	8891294.1	299.98615	0	1	1	0	0	46.181534	712.93325
108000	18	18	8931798.6	299.99132	0	1	1	0	0	46.185478	713.01324
108000	19	19	8965034.2	299.99555	0	1	1	0	0	46.188712	713.07883
108000	20	20	8987339.2	299.99839	0	1	1	0	0	46.190882	713.12281
108000	21	21	8997381.6	299.99967	0	1	1	0	0	46.191858	713.14261
108000	22	22	8999742	299.99997	0	1	1	0	0	46.192088	713.14726
108000	23	23	8999988.9	300	0	1	1	0	0	46.192112	713.14774
108000	24	24	8999999.8	300	0	1	1	0	0	46.192113	713.14777
108000	25	25	9000000	300	0	1	1	0	0	46.192113	713.14777
108000	26	26	9000000	300	0	1	1	0	0	46.192113	713.14777
129600	1	1	2771017.5	229.47966	0.37958725	0.62041275	1	0	0	13.863114	828.01509
129600	2	2	4573468.8	258.39959	0.3431751	0.6568249	1	0	0	23.095075	786.42329
129600	3	3	5355892.8	268.24152	0.32876286	0.67123714	1	0	0	27.282433	770.6677
129600	4	4	6048317.4	276.07324	0.31546579	0.68453421	1	0	0	31.098066	757.42801
129600	5	5	6665396.2	282.49546	0.30230575	0.69769425	1	0	0	34.594881	746.0509
129600	6	6	7213190.2	287.82684	0.2884094	0.7115906	1	0	0	37.781842	736.21284
129600	7	7	7692426	292.24308	0.27272155	0.72727845	1	0	0	40.638438	727.7684
129600	8	8	8097213.3	295.81232	0.25316331	0.74683669	1	0	0	43.104138	720.73266
129600	9	9	8407088.6	298.45353	0.22185927	0.77814073	1	0	0	45.026093	715.3969
129600	10	10	8530550.5	299.4851	0.10401065	0.89598935	1	0	0	45.800458	713.28166
129600	11	11	8585955	299.94432	5.91E-04	0.99940934	1	0	0	46.14959	712.33424
129600	12	12	8635857.3	299.95341	0	1	1	0	0	46.156533	712.42719
129600	13	13	8685682.9	299.95984	0	1	1	0	0	46.161441	712.52607
129600	14	14	8735345.6	299.96622	0	1	1	0	0	46.16631	712.62458
129600	15	15	8784606.2	299.97253	0	1	1	0	0	46.171127	712.72219
129600	16	16	8832870.8	299.9787	0	1	1	0	0	46.175839	712.81773
129600	17	17	8879095	299.9846	0	1	1	0	0	46.180346	712.90914
129600	18	18	8921464.8	299.99	0	1	1	0	0	46.184472	712.99284
129600	19	19	8957186.8	299.99455	0	1	1	0	0	46.187949	713.06335
129600	20	20	8982707.4	299.9978	0	1	1	0	0	46.190431	713.11368
129600	21	21	8995766.3	299.99946	0	1	1	0	0	46.191701	713.13942
129600	22	22	8999486.8	299.99993	0	1	1	0	0	46.192063	713.14675
129600	23	23	8999972.3	300	0	1	1	0	0	46.19211	713.14771
129600	24	24	8999999.4	300	0	1	1	0	0	46.192113	713.14776
129600	25	25	9000000	300	0	1	1	0	0	46.192113	713.14777
129600	26	26	9000000	300	0	1	1	0	0	46.192113	713.14777
151200	1	1	1961975.7	211.40651	0.40263175	0.59736825	1	0	0	9.8597391	851.08829
151200	2	2	4034280.1	250.83887	0.3582542	0.6417458	1	0	0	20.27815	797.9291
151200	3	3	4916199.2	262.85752	0.3428151	0.6571849	1	0	0	24.914017	779.40139
151200	4	4	5691407.6	272.12715	0.32936032	0.67063968	1	0	0	29.117667	764.18173
151200	5	5	6382978.5	279.61511	0.31650198	0.68349802	1	0	0	32.982683	751.21483
151200	6	6	7000390.4	285.79374	0.30294991	0.69705009	1	0	0	36.534181	740.00887
151200	7	7	7543469	290.89349	0.28695272	0.71304728	1	0	0	39.743444	730.37875
151200	8	8	8000938.4	294.976	0.26561858	0.73438142	1	0	0	42.513159	722.39888
151200	9	9	8349307.3	297.96675	0.23245776	0.76754224	1	0	0	44.665387	716.38886
151200	10	10	8513414.5	299.34261	0.13545755	0.86454245	1	0	0	45.692681	713.57491
151200	11	11	8581659.9	299.9088	8.53E-03	0.99146952	1	0	0	46.122488	712.40765
151200	12	12	8630386	299.9527	0	1	1	0	0	46.155986	712.41635
151200	13	13	8679016.8	299.95898	0	1	1	0	0	46.160783	712.51285
151200	14	14	8727496.3	299.96521	0	1	1	0	0	46.165541	712.60902
151200	15	15	8775677.8	299.97138	0	1	1	0	0	46.170255	712.70451
151200	16	16	8823167	299.97746	0	1	1	0	0	46.174892	712.79853
151200	17	17	8869228.5	299.98334	0	1	1	0	0	46.179384	712.88964
151200	18	18	8912360.8	299.98884	0	1	1	0	0	46.183586	712.97486
151200	19	19	8949889	299.99362	0	1	1	0	0	46.187239	713.04895
151200	20	20	8978066	299.99721	0	1	1	0	0	46.18998	713.10453
151200	21	21	8993888.4	299.99922	0	1	1	0	0	46.191519	713.13572
151200	22	22	8999124.6	299.99989	0	1	1	0	0	46.192028	713.14604
151200	23	23	8999943.5	299.99999	0	1	1	0	0	46.192107	713.14765
151200	24	24	8999998.4	300	0	1	1	0	0	46.192113	713.14776
151200	25	25	9000000	300	0	1	1	0	0	46.192113	713.14777
151200	26	26	9000000	300	0	1	1	0	0	46.192113	713.14777
172800	1	1	1962218.5	211.41274	0.39578022	0.60421978	1	0	0	9.8609321	851.08068
172800	2	2	3963543.9	249.79051	0.35227442	0.64772558	1	0	0	19.912413	799.48647
172800	3	3	4816654.7	261.58787	0.33706137	0.66293863	1	0	0	24.383333	781.42007
172800	4	4	5569354.1	270.73438	0.32417081	0.67582919	1	0	0	28.447149	766.52484
172800	5	5	6246226.5	278.18532	0.31241602	0.68758398	1	0	0	32.209256	753.74072
172800	6	6	6859651.2	284.42305	0.30072636	0.69927364	1	0	0	35.715796	742.53694
172800	7	7	7413133.9	289.69581	0.28748998	0.71251002	1	0	0	38.965635	732.6731
172800	8	8	7897577.2	294.0695	0.26960936	0.73039064	1	0	0	41.881859	724.19257
172800	9	9	8284286.9	297.41589	0.23980512	0.76019488	1	0	0	44.260775	717.50668
172800	10	10	8496474.4	299.20153	0.16258328	0.83741672	1	0	0	45.586231	713.86491
172800	11	11	8573967.4	299.84515	2.28E-02	0.97719959	1	0	0	46.073964	712.53914
172800	12	12	8622663.1	299.95169	0	1	1	0	0	46.155219	712.40102
172800	13	13	8671241.2	299.95798	0	1	1	0	0	46.160017	712.49743
172800	14	14	8719638.9	299.9642	0	1	1	0	0	46.16477	712.59344
172800	15	15	8767710.9	299.97036	0	1	1	0	0	46.169476	712.68872
172800	16	16	8815094.3	299.97642	0	1	1	0	0	46.174104	712.78256
172800	17	17	8861161.7	299.98231	0	1	1	0	0	46.178598	712.87369
172800	18	18	8904662.5	299.98786	0	1	1	0	0	46.182836	712.95966
172800	19	19	8943304.4	299.99278	0	1	1	0	0	46.186598	713.03595
172800	20	20	8973532.3	299.99663	0	1	1	0	0	46.189539	713.09559
172800	21	21	8991814.9	299.99896	0	1	1	0	0	46.191317	713.13163
172800	22	22	8998650.5	299.99983	0	1	1	0	0	46.191982	713.14511
172800	23	23	8999898.1	299.99999	0	1	1	0	0	46.192103	713.14757
172800	24	24	8999996.7	300	0	1	1	0	0	46.192112	713.14776
172800	25	25	9000000	300	0	1	1	0	0	46.192113	713.14777
172800	26	26	9000000	300	0	1	1	0	0	46.192113	713.14777
