100	0.101417997
100.1	0.101780465
100.2	0.102144006
100.3	0.102508621
100.4	0.102874313
100.5	0.103241084
100.6	0.103608937
100.7	0.103977874
100.8	0.104347898
100.9	0.10471901
101	0.105091214
101.1	0.105464512
101.2	0.105838907
101.3	0.1062144
101.4	0.106590995
101.5	0.106968693
101.6	0.107347498
101.7	0.107727412
101.8	0.108108437
101.9	0.108490576
102	0.108873831
102.1	0.109258205
102.2	0.1096437
102.3	0.110030319
102.4	0.110418065
102.5	0.110806939
102.6	0.111196944
102.7	0.111588084
102.8	0.11198036
102.9	0.112373774
103	0.112768331
103.1	0.113164031
103.2	0.113560878
103.3	0.113958873
103.4	0.114358021
103.5	0.114758322
103.6	0.115159781
103.7	0.115562398
103.8	0.115966178
103.9	0.116371122
104	0.116777232
104.1	0.117184513
104.2	0.117592965
104.3	0.118002593
104.4	0.118413397
104.5	0.118825381
104.6	0.119238548
104.7	0.1196529
104.8	0.12006844
104.9	0.120485169
105	0.120903092
105.1	0.12132221
105.2	0.121742526
105.3	0.122164043
105.4	0.122586763
105.5	0.123010689
105.6	0.123435824
105.7	0.123862169
105.8	0.124289729
105.9	0.124718505
106	0.1251485
106.1	0.125579717
106.2	0.126012158
106.3	0.126445826
106.4	0.126880724
106.5	0.127316855
106.6	0.12775422
106.7	0.128192823
106.8	0.128632666
106.9	0.129073752
107	0.129516084
107.1	0.129959665
107.2	0.130404496
107.3	0.130850581
107.4	0.131297923
107.5	0.131746524
107.6	0.132196386
107.7	0.132647513
107.8	0.133099908
107.9	0.133553572
108	0.134008509
108.1	0.134464721
108.2	0.134922211
108.3	0.135380983
108.4	0.135841037
108.5	0.136302378
108.6	0.136765008
108.7	0.13722893
108.8	0.137694146
108.9	0.138160659
109	0.138628473
109.1	0.139097589
109.2	0.139568011
109.3	0.14003974
109.4	0.140512781
109.5	0.140987136
109.6	0.141462807
109.7	0.141939798
109.8	0.14241811
109.9	0.142897748
110	0.143378713
110.1	0.143861009
110.2	0.144344637
110.3	0.144829602
110.4	0.145315906
110.5	0.145803552
110.6	0.146292541
110.7	0.146782879
110.8	0.147274566
110.9	0.147767606
111	0.148262002
111.1	0.148757756
111.2	0.149254872
111.3	0.149753352
111.4	0.150253199
111.5	0.150754416
111.6	0.151257006
111.7	0.151760971
111.8	0.152266315
111.9	0.15277304
112	0.153281149
112.1	0.153790645
112.2	0.154301531
112.3	0.15481381
112.4	0.155327484
112.5	0.155842557
112.6	0.156359031
112.7	0.15687691
112.8	0.157396195
112.9	0.157916891
113	0.158439
113.1	0.158962524
113.2	0.159487467
113.3	0.160013832
113.4	0.160541621
113.5	0.161070838
113.6	0.161601485
113.7	0.162133566
113.8	0.162667083
113.9	0.163202039
114	0.163738437
114.1	0.16427628
114.2	0.164815571
114.3	0.165356313
114.4	0.165898508
114.5	0.166442161
114.6	0.166987273
114.7	0.167533848
114.8	0.168081889
114.9	0.168631398
115	0.169182379
115.1	0.169734835
115.2	0.170288768
115.3	0.170844182
115.4	0.171401079
115.5	0.171959462
115.6	0.172519336
115.7	0.173080701
115.8	0.173643562
115.9	0.174207922
116	0.174773783
116.1	0.175341149
116.2	0.175910022
116.3	0.176480406
116.4	0.177052303
116.5	0.177625717
116.6	0.178200651
116.7	0.178777107
116.8	0.179355089
116.9	0.179934599
117	0.180515641
117.1	0.181098219
117.2	0.181682333
117.3	0.182267989
117.4	0.182855189
117.5	0.183443936
117.6	0.184034233
117.7	0.184626083
117.8	0.18521949
117.9	0.185814455
118	0.186410983
118.1	0.187009077
118.2	0.187608739
118.3	0.188209973
118.4	0.188812781
118.5	0.189417167
118.6	0.190023135
118.7	0.190630686
118.8	0.191239824
118.9	0.191850553
119	0.192462875
119.1	0.193076794
119.2	0.193692312
119.3	0.194309433
119.4	0.19492816
119.5	0.195548496
119.6	0.196170444
119.7	0.196794007
119.8	0.197419189
119.9	0.198045992
120	0.19867442
120.1	0.199304477
120.2	0.199936164
120.3	0.200569485
120.4	0.201204444
120.5	0.201841043
120.6	0.202479286
120.7	0.203119176
120.8	0.203760716
120.9	0.20440391
121	0.20504876
121.1	0.205695269
121.2	0.206343442
121.3	0.20699328
121.4	0.207644788
121.5	0.208297968
121.6	0.208952824
121.7	0.209609359
121.8	0.210267576
121.9	0.210927478
122	0.21158907
122.1	0.212252352
122.2	0.21291733
122.3	0.213584006
122.4	0.214252384
122.5	0.214922467
122.6	0.215594257
122.7	0.216267759
122.8	0.216942975
122.9	0.217619909
123	0.218298565
123.1	0.218978944
123.2	0.219661051
123.3	0.220344889
123.4	0.221030461
123.5	0.221717771
123.6	0.222406821
123.7	0.223097616
123.8	0.223790158
123.9	0.22448445
124	0.225180496
124.1	0.225878299
124.2	0.226577863
124.3	0.227279191
124.4	0.227982286
124.5	0.228687151
124.6	0.229393791
124.7	0.230102207
124.8	0.230812404
124.9	0.231524384
125	0.232238152
125.1	0.23295371
125.2	0.233671062
125.3	0.234390211
125.4	0.235111161
125.5	0.235833914
125.6	0.236558475
125.7	0.237284846
125.8	0.238013032
125.9	0.238743034
126	0.239474858
126.1	0.240208505
126.2	0.24094398
126.3	0.241681286
126.4	0.242420426
126.5	0.243161403
126.6	0.243904222
126.7	0.244648885
126.8	0.245395396
126.9	0.246143758
127	0.246893975
127.1	0.24764605
127.2	0.248399987
127.3	0.249155788
127.4	0.249913458
127.5	0.250672999
127.6	0.251434416
127.7	0.252197711
127.8	0.252962889
127.9	0.253729952
128	0.254498904
128.1	0.255269748
128.2	0.256042489
128.3	0.256817128
128.4	0.257593671
128.5	0.25837212
128.6	0.259152478
128.7	0.25993475
128.8	0.260718939
128.9	0.261505048
129	0.26229308
129.1	0.26308304
129.2	0.26387493
129.3	0.264668754
129.4	0.265464517
129.5	0.26626222
129.6	0.267061868
129.7	0.267863464
129.8	0.268667012
129.9	0.269472515
130	0.270279977
130.1	0.271089401
130.2	0.271900791
130.3	0.27271415
130.4	0.273529482
130.5	0.274346791
130.6	0.275166079
130.7	0.275987351
130.8	0.276810611
130.9	0.27763586
131	0.278463104
131.1	0.279292346
131.2	0.280123589
131.3	0.280956837
131.4	0.281792093
131.5	0.282629362
131.6	0.283468646
131.7	0.284309949
131.8	0.285153275
131.9	0.285998627
132	0.28684601
132.1	0.287695426
132.2	0.288546879
132.3	0.289400373
132.4	0.290255912
132.5	0.291113498
132.6	0.291973136
132.7	0.292834829
132.8	0.293698582
132.9	0.294564397
133	0.295432277
133.1	0.296302228
133.2	0.297174252
133.3	0.298048354
133.4	0.298924536
133.5	0.299802802
133.6	0.300683157
133.7	0.301565603
133.8	0.302450144
133.9	0.303336785
134	0.304225528
134.1	0.305116378
134.2	0.306009338
134.3	0.306904411
134.4	0.307801602
134.5	0.308700914
134.6	0.309602351
134.7	0.310505916
134.8	0.311411614
134.9	0.312319447
135	0.31322942
135.1	0.314141536
135.2	0.3150558
135.3	0.315972214
135.4	0.316890783
135.5	0.317811509
135.6	0.318734398
135.7	0.319659453
135.8	0.320586677
135.9	0.321516074
136	0.322447648
136.1	0.323381402
136.2	0.324317341
136.3	0.325255468
136.4	0.326195787
136.5	0.327138302
136.6	0.328083016
136.7	0.329029933
136.8	0.329979058
136.9	0.330930393
137	0.331883942
137.1	0.33283971
137.2	0.333797701
137.3	0.334757917
137.4	0.335720362
137.5	0.336685041
137.6	0.337651958
137.7	0.338621116
137.8	0.339592518
137.9	0.340566169
138	0.341542073
138.1	0.342520233
138.2	0.343500654
138.3	0.344483338
138.4	0.345468291
138.5	0.346455515
138.6	0.347445014
138.7	0.348436793
138.8	0.349430855
138.9	0.350427205
139	0.351425845
139.1	0.35242678
139.2	0.353430014
139.3	0.35443555
139.4	0.355443392
139.5	0.356453545
139.6	0.357466012
139.7	0.358480797
139.8	0.359497904
139.9	0.360517337
140	0.361539099
140.1	0.362563195
140.2	0.363589629
140.3	0.364618404
140.4	0.365649524
140.5	0.366682993
140.6	0.367718816
140.7	0.368756995
140.8	0.369797536
140.9	0.370840441
141	0.371885715
141.1	0.372933362
141.2	0.373983385
141.3	0.37503579
141.4	0.376090578
141.5	0.377147755
141.6	0.378207325
141.7	0.379269291
141.8	0.380333657
141.9	0.381400428
142	0.382469607
142.1	0.383541198
142.2	0.384615206
142.3	0.385691633
142.4	0.386770485
142.5	0.387851765
142.6	0.388935477
142.7	0.390021626
142.8	0.391110214
142.9	0.392201247
143	0.393294727
143.1	0.39439066
143.2	0.395489049
143.3	0.396589898
143.4	0.397693211
143.5	0.398798993
143.6	0.399907246
143.7	0.401017976
143.8	0.402131186
143.9	0.403246881
144	0.404365063
144.1	0.405485738
144.2	0.40660891
144.3	0.407734582
144.4	0.408862759
144.5	0.409993444
144.6	0.411126641
144.7	0.412262356
144.8	0.413400591
144.9	0.414541351
145	0.41568464
145.1	0.416830462
145.2	0.417978821
145.3	0.419129721
145.4	0.420283167
145.5	0.421439161
145.6	0.42259771
145.7	0.423758815
145.8	0.424922483
145.9	0.426088716
146	0.427257519
146.1	0.428428896
146.2	0.42960285
146.3	0.430779388
146.4	0.431958511
146.5	0.433140225
146.6	0.434324534
146.7	0.435511441
146.8	0.436700951
146.9	0.437893068
147	0.439087796
147.1	0.44028514
147.2	0.441485103
147.3	0.442687689
147.4	0.443892903
147.5	0.44510075
147.6	0.446311232
147.7	0.447524355
147.8	0.448740122
147.9	0.449958537
148	0.451179606
148.1	0.452403331
148.2	0.453629718
148.3	0.45485877
148.4	0.456090492
148.5	0.457324887
148.6	0.458561961
148.7	0.459801716
148.8	0.461044158
148.9	0.462289291
149	0.463537118
149.1	0.464787644
149.2	0.466040874
149.3	0.467296811
149.4	0.46855546
149.5	0.469816825
149.6	0.47108091
149.7	0.47234772
149.8	0.473617258
149.9	0.47488953
150	0.476164538
150.1	0.477442288
150.2	0.478722784
150.3	0.480006029
150.4	0.481292029
150.5	0.482580788
150.6	0.483872309
150.7	0.485166597
150.8	0.486463657
150.9	0.487763492
151	0.489066108
151.1	0.490371507
151.2	0.491679695
151.3	0.492990676
151.4	0.494304455
151.5	0.495621034
151.6	0.49694042
151.7	0.498262615
151.8	0.499587625
151.9	0.500915453
152	0.502246105
152.1	0.503579584
152.2	0.504915895
152.3	0.506255042
152.4	0.507597029
152.5	0.508941861
152.6	0.510289542
152.7	0.511640076
152.8	0.512993468
152.9	0.514349723
153	0.515708844
153.1	0.517070836
153.2	0.518435703
153.3	0.519803449
153.4	0.52117408
153.5	0.522547599
153.6	0.523924011
153.7	0.52530332
153.8	0.52668553
153.9	0.528070647
154	0.529458673
154.1	0.530849615
154.2	0.532243475
154.3	0.533640259
154.4	0.535039972
154.5	0.536442616
154.6	0.537848197
154.7	0.53925672
154.8	0.540668188
154.9	0.542082606
155	0.543499979
155.1	0.54492031
155.2	0.546343605
155.3	0.547769868
155.4	0.549199103
155.5	0.550631315
155.6	0.552066508
155.7	0.553504687
155.8	0.554945856
155.9	0.556390019
156	0.557837181
156.1	0.559287347
156.2	0.560740521
156.3	0.562196707
156.4	0.56365591
156.5	0.565118135
156.6	0.566583386
156.7	0.568051667
156.8	0.569522983
156.9	0.570997338
157	0.572474737
157.1	0.573955185
157.2	0.575438685
157.3	0.576925243
157.4	0.578414863
157.5	0.57990755
157.6	0.581403307
157.7	0.582902141
157.8	0.584404054
157.9	0.585909051
158	0.587417138
158.1	0.588928319
158.2	0.590442598
158.3	0.591959979
158.4	0.593480468
158.5	0.595004069
158.6	0.596530787
158.7	0.598060625
158.8	0.599593589
158.9	0.601129683
159	0.602668912
159.1	0.60421128
159.2	0.605756793
159.3	0.607305453
159.4	0.608857267
159.5	0.610412238
159.6	0.611970372
159.7	0.613531673
159.8	0.615096145
159.9	0.616663793
160	0.618234621
160.1	0.619808636
160.2	0.621385839
160.3	0.622966238
160.4	0.624549836
160.5	0.626136637
160.6	0.627726647
160.7	0.62931987
160.8	0.630916311
160.9	0.632515974
161	0.634118864
161.1	0.635724985
161.2	0.637334343
161.3	0.638946942
161.4	0.640562787
161.5	0.642181881
161.6	0.643804231
161.7	0.64542984
161.8	0.647058714
161.9	0.648690856
162	0.650326272
162.1	0.651964967
162.2	0.653606944
162.3	0.655252209
162.4	0.656900767
162.5	0.658552621
162.6	0.660207778
162.7	0.661866241
162.8	0.663528015
162.9	0.665193105
163	0.666861515
163.1	0.668533251
163.2	0.670208317
163.3	0.671886718
163.4	0.673568458
163.5	0.675253543
163.6	0.676941976
163.7	0.678633764
163.8	0.680328909
163.9	0.682027418
164	0.683729295
164.1	0.685434545
164.2	0.687143172
164.3	0.688855182
164.4	0.690570578
164.5	0.692289366
164.6	0.694011551
164.7	0.695737137
164.8	0.697466129
164.9	0.699198532
165	0.700934351
165.1	0.70267359
165.2	0.704416254
165.3	0.706162348
165.4	0.707911878
165.5	0.709664846
165.6	0.71142126
165.7	0.713181122
165.8	0.714944439
165.9	0.716711214
166	0.718481453
166.1	0.720255161
166.2	0.722032342
166.3	0.723813001
166.4	0.725597144
166.5	0.727384774
166.6	0.729175897
166.7	0.730970517
166.8	0.732768639
166.9	0.734570269
167	0.736375411
167.1	0.73818407
167.2	0.739996251
167.3	0.741811958
167.4	0.743631197
167.5	0.745453973
167.6	0.747280289
167.7	0.749110152
167.8	0.750943566
167.9	0.752780536
168	0.754621066
168.1	0.756465163
168.2	0.758312829
168.3	0.760164072
168.4	0.762018895
168.5	0.763877303
168.6	0.765739301
168.7	0.767604894
168.8	0.769474088
168.9	0.771346886
169	0.773223295
169.1	0.775103318
169.2	0.776986961
169.3	0.778874228
169.4	0.780765125
169.5	0.782659657
169.6	0.784557828
169.7	0.786459644
169.8	0.788365109
169.9	0.790274228
170	0.792187007
170.1	0.79410345
170.2	0.796023562
170.3	0.797947348
170.4	0.799874814
170.5	0.801805964
170.6	0.803740803
170.7	0.805679335
170.8	0.807621567
170.9	0.809567503
171	0.811517149
171.1	0.813470508
171.2	0.815427586
171.3	0.817388388
171.4	0.81935292
171.5	0.821321185
171.6	0.82329319
171.7	0.825268938
171.8	0.827248436
171.9	0.829231688
172	0.831218699
172.1	0.833209474
172.2	0.835204018
172.3	0.837202337
172.4	0.839204435
172.5	0.841210317
172.6	0.843219989
172.7	0.845233455
172.8	0.847250721
172.9	0.849271791
173	0.851296671
173.1	0.853325365
173.2	0.855357879
173.3	0.857394218
173.4	0.859434387
173.5	0.861478391
173.6	0.863526235
173.7	0.865577924
173.8	0.867633463
173.9	0.869692857
174	0.871756112
174.1	0.873823232
174.2	0.875894223
174.3	0.87796909
174.4	0.880047837
174.5	0.88213047
174.6	0.884216995
174.7	0.886307415
174.8	0.888401737
174.9	0.890499965
175	0.892602104
175.1	0.89470816
175.2	0.896818138
175.3	0.898932043
175.4	0.90104988
175.5	0.903171654
175.6	0.90529737
175.7	0.907427034
175.8	0.909560651
175.9	0.911698225
176	0.913839762
176.1	0.915985267
176.2	0.918134746
176.3	0.920288203
176.4	0.922445644
176.5	0.924607073
176.6	0.926772497
176.7	0.92894192
176.8	0.931115347
176.9	0.933292783
177	0.935474235
177.1	0.937659706
177.2	0.939849203
177.3	0.94204273
177.4	0.944240292
177.5	0.946441895
177.6	0.948647544
177.7	0.950857245
177.8	0.953071001
177.9	0.95528882
178	0.957510705
178.1	0.959736663
178.2	0.961966697
178.3	0.964200815
178.4	0.96643902
178.5	0.968681318
178.6	0.970927715
178.7	0.973178215
178.8	0.975432824
178.9	0.977691547
179	0.979954389
179.1	0.982221356
179.2	0.984492453
179.3	0.986767685
179.4	0.989047057
179.5	0.991330575
179.6	0.993618244
179.7	0.99591007
179.8	0.998206056
179.9	1.00050621
180	1.002810536
180.1	1.005119039
180.2	1.007431725
180.3	1.009748599
180.4	1.012069667
180.5	1.014394933
180.6	1.016724403
180.7	1.019058082
180.8	1.021395976
180.9	1.02373809
181	1.026084429
181.1	1.028434999
181.2	1.030789805
181.3	1.033148852
181.4	1.035512145
181.5	1.037879691
181.6	1.040251494
181.7	1.042627559
181.8	1.045007893
181.9	1.0473925
182	1.049781385
182.1	1.052174555
182.2	1.054572014
182.3	1.056973768
182.4	1.059379822
182.5	1.061790182
182.6	1.064204853
182.7	1.06662384
182.8	1.069047149
182.9	1.071474785
183	1.073906753
183.1	1.076343059
183.2	1.078783709
183.3	1.081228708
183.4	1.08367806
183.5	1.086131772
183.6	1.088589849
183.7	1.091052297
183.8	1.09351912
183.9	1.095990324
184	1.098465915
184.1	1.100945899
184.2	1.103430279
184.3	1.105919063
184.4	1.108412255
184.5	1.110909861
184.6	1.113411886
184.7	1.115918336
184.8	1.118429216
184.9	1.120944531
185	1.123464288
185.1	1.125988492
185.2	1.128517147
185.3	1.13105026
185.4	1.133587836
185.5	1.13612988
185.6	1.138676398
185.7	1.141227396
185.8	1.143782878
185.9	1.146342851
186	1.14890732
186.1	1.15147629
186.2	1.154049767
186.3	1.156627756
186.4	1.159210264
186.5	1.161797294
186.6	1.164388854
186.7	1.166984948
186.8	1.169585582
186.9	1.172190761
187	1.174800492
187.1	1.177414779
187.2	1.180033628
187.3	1.182657044
187.4	1.185285034
187.5	1.187917602
187.6	1.190554755
187.7	1.193196497
187.8	1.195842835
187.9	1.198493773
188	1.201149318
188.1	1.203809475
188.2	1.20647425
188.3	1.209143647
188.4	1.211817673
188.5	1.214496334
188.6	1.217179634
188.7	1.21986758
188.8	1.222560177
188.9	1.22525743
189	1.227959346
189.1	1.23066593
189.2	1.233377186
189.3	1.236093122
189.4	1.238813742
189.5	1.241539053
189.6	1.244269059
189.7	1.247003767
189.8	1.249743182
189.9	1.252487309
190	1.255236155
190.1	1.257989725
190.2	1.260748024
190.3	1.263511058
190.4	1.266278834
190.5	1.269051355
190.6	1.271828629
190.7	1.27461066
190.8	1.277397455
190.9	1.280189019
191	1.282985357
191.1	1.285786476
191.2	1.288592381
191.3	1.291403078
191.4	1.294218572
191.5	1.297038869
191.6	1.299863974
191.7	1.302693894
191.8	1.305528634
191.9	1.3083682
192	1.311212598
192.1	1.314061832
192.2	1.316915909
192.3	1.319774835
192.4	1.322638615
192.5	1.325507255
192.6	1.32838076
192.7	1.331259137
192.8	1.334142391
192.9	1.337030527
193	1.339923553
193.1	1.342821472
193.2	1.345724291
193.3	1.348632016
193.4	1.351544653
193.5	1.354462206
193.6	1.357384682
193.7	1.360312088
193.8	1.363244427
193.9	1.366181706
194	1.369123932
194.1	1.372071109
194.2	1.375023243
194.3	1.377980341
194.4	1.380942407
194.5	1.383909449
194.6	1.38688147
194.7	1.389858478
194.8	1.392840478
194.9	1.395827476
195	1.398819477
195.1	1.401816488
195.2	1.404818513
195.3	1.40782556
195.4	1.410837634
195.5	1.41385474
195.6	1.416876884
195.7	1.419904073
195.8	1.422936311
195.9	1.425973606
196	1.429015962
196.1	1.432063385
196.2	1.435115882
196.3	1.438173458
196.4	1.441236118
196.5	1.44430387
196.6	1.447376718
196.7	1.450454668
196.8	1.453537727
196.9	1.4566259
197	1.459719193
197.1	1.462817611
197.2	1.465921161
197.3	1.469029849
197.4	1.47214368
197.5	1.475262661
197.6	1.478386796
197.7	1.481516093
197.8	1.484650556
197.9	1.487790192
198	1.490935007
198.1	1.494085006
198.2	1.497240196
198.3	1.500400582
198.4	1.50356617
198.5	1.506736967
198.6	1.509912977
198.7	1.513094207
198.8	1.516280663
198.9	1.51947235
199	1.522669276
199.1	1.525871444
199.2	1.529078863
199.3	1.532291536
199.4	1.535509471
199.5	1.538732673
199.6	1.541961149
199.7	1.545194903
199.8	1.548433943
199.9	1.551678273
200	1.5549279
200.1	1.558182831
200.2	1.56144307
200.3	1.564708624
200.4	1.567979498
200.5	1.5712557
200.6	1.574537234
200.7	1.577824106
200.8	1.581116323
200.9	1.584413891
201	1.587716815
201.1	1.591025102
201.2	1.594338758
201.3	1.597657788
201.4	1.600982198
201.5	1.604311995
201.6	1.607647184
201.7	1.610987772
201.8	1.614333765
201.9	1.617685167
202	1.621041987
202.1	1.624404229
202.2	1.627771899
202.3	1.631145004
202.4	1.634523549
202.5	1.637907542
202.6	1.641296986
202.7	1.64469189
202.8	1.648092258
202.9	1.651498097
203	1.654909412
203.1	1.65832621
203.2	1.661748498
203.3	1.66517628
203.4	1.668609563
203.5	1.672048353
203.6	1.675492656
203.7	1.678942479
203.8	1.682397826
203.9	1.685858705
204	1.689325121
204.1	1.692797081
204.2	1.69627459
204.3	1.699757654
204.4	1.703246281
204.5	1.706740475
204.6	1.710240243
204.7	1.713745591
204.8	1.717256525
204.9	1.720773051
205	1.724295175
205.1	1.727822904
205.2	1.731356243
205.3	1.734895199
205.4	1.738439777
205.5	1.741989985
205.6	1.745545827
205.7	1.74910731
205.8	1.752674441
205.9	1.756247224
206	1.759825668
206.1	1.763409777
206.2	1.766999557
206.3	1.770595016
206.4	1.774196158
206.5	1.777802991
206.6	1.78141552
206.7	1.785033752
206.8	1.788657692
206.9	1.792287347
207	1.795922723
207.1	1.799563827
207.2	1.803210663
207.3	1.806863239
207.4	1.810521561
207.5	1.814185635
207.6	1.817855467
207.7	1.821531063
207.8	1.825212429
207.9	1.828899573
208	1.832592499
208.1	1.836291214
208.2	1.839995724
208.3	1.843706036
208.4	1.847422155
208.5	1.851144089
208.6	1.854871842
208.7	1.858605422
208.8	1.862344835
208.9	1.866090086
209	1.869841182
209.1	1.87359813
209.2	1.877360935
209.3	1.881129603
209.4	1.884904142
209.5	1.888684557
209.6	1.892470854
209.7	1.89626304
209.8	1.900061121
209.9	1.903865104
210	1.907674994
210.1	1.911490797
210.2	1.915312521
210.3	1.919140171
210.4	1.922973753
210.5	1.926813275
210.6	1.930658741
210.7	1.934510159
210.8	1.938367535
210.9	1.942230875
211	1.946100185
211.1	1.949975471
211.2	1.953856741
211.3	1.957743999
211.4	1.961637254
211.5	1.96553651
211.6	1.969441774
211.7	1.973353052
211.8	1.977270352
211.9	1.981193678
212	1.985123038
212.1	1.989058438
212.2	1.992999884
212.3	1.996947382
212.4	2.000900939
212.5	2.004860561
212.6	2.008826254
212.7	2.012798026
212.8	2.016775881
212.9	2.020759827
213	2.02474987
213.1	2.028746016
213.2	2.032748271
213.3	2.036756643
213.4	2.040771137
213.5	2.044791759
213.6	2.048818517
213.7	2.052851416
213.8	2.056890463
213.9	2.060935664
214	2.064987026
214.1	2.069044554
214.2	2.073108257
214.3	2.077178138
214.4	2.081254206
214.5	2.085336467
214.6	2.089424927
214.7	2.093519592
214.8	2.097620469
214.9	2.101727564
215	2.105840884
215.1	2.109960435
215.2	2.114086223
215.3	2.118218256
215.4	2.122356539
215.5	2.126501078
215.6	2.130651881
215.7	2.134808954
215.8	2.138972303
215.9	2.143141934
216	2.147317855
216.1	2.151500071
216.2	2.155688589
216.3	2.159883415
216.4	2.164084556
216.5	2.168292019
216.6	2.17250581
216.7	2.176725934
216.8	2.1809524
216.9	2.185185213
217	2.18942438
217.1	2.193669906
217.2	2.1979218
217.3	2.202180067
217.4	2.206444713
217.5	2.210715746
217.6	2.214993172
217.7	2.219276997
217.8	2.223567227
217.9	2.22786387
218	2.232166932
218.1	2.236476419
218.2	2.240792337
218.3	2.245114694
218.4	2.249443496
218.5	2.25377875
218.6	2.258120461
218.7	2.262468637
218.8	2.266823283
218.9	2.271184408
219	2.275552016
219.1	2.279926115
219.2	2.284306712
219.3	2.288693812
219.4	2.293087422
219.5	2.29748755
219.6	2.301894201
219.7	2.306307381
219.8	2.310727099
219.9	2.31515336
220	2.31958617
220.1	2.324025537
220.2	2.328471467
220.3	2.332923966
220.4	2.337383042
220.5	2.3418487
220.6	2.346320947
220.7	2.350799791
220.8	2.355285236
220.9	2.359777292
221	2.364275962
221.1	2.368781255
221.2	2.373293178
221.3	2.377811735
221.4	2.382336935
221.5	2.386868784
221.6	2.391407288
221.7	2.395952455
221.8	2.40050429
221.9	2.405062801
222	2.409627993
222.1	2.414199875
222.2	2.418778451
222.3	2.42336373
222.4	2.427955717
222.5	2.43255442
222.6	2.437159844
222.7	2.441771998
222.8	2.446390886
222.9	2.451016516
223	2.455648896
223.1	2.46028803
223.2	2.464933927
223.3	2.469586592
223.4	2.474246032
223.5	2.478912255
223.6	2.483585267
223.7	2.488265073
223.8	2.492951683
223.9	2.497645101
224	2.502345334
224.1	2.50705239
224.2	2.511766275
224.3	2.516486995
224.4	2.521214559
224.5	2.525948971
224.6	2.530690239
224.7	2.53543837
224.8	2.54019337
224.9	2.544955246
225	2.549724005
225.1	2.554499654
225.2	2.559282199
225.3	2.564071647
225.4	2.568868005
225.5	2.57367128
225.6	2.578481478
225.7	2.583298606
225.8	2.588122671
225.9	2.592953679
226	2.597791638
226.1	2.602636555
226.2	2.607488435
226.3	2.612347286
226.4	2.617213114
226.5	2.622085927
226.6	2.626965731
226.7	2.631852533
226.8	2.63674634
226.9	2.641647158
227	2.646554994
227.1	2.651469856
227.2	2.656391749
227.3	2.661320682
227.4	2.66625666
227.5	2.67119969
227.6	2.676149779
227.7	2.681106935
227.8	2.686071164
227.9	2.691042472
228	2.696020866
228.1	2.701006355
228.2	2.705998943
228.3	2.710998639
228.4	2.716005448
228.5	2.721019378
228.6	2.726040436
228.7	2.731068628
228.8	2.736103962
228.9	2.741146444
229	2.746196081
229.1	2.75125288
229.2	2.756316848
229.3	2.761387992
229.4	2.766466318
229.5	2.771551834
229.6	2.776644546
229.7	2.781744462
229.8	2.786851587
229.9	2.79196593
230	2.797087497
230.1	2.802216295
230.2	2.80735233
230.3	2.81249561
230.4	2.817646142
230.5	2.822803932
230.6	2.827968988
230.7	2.833141316
230.8	2.838320924
230.9	2.843507818
231	2.848702005
231.1	2.853903492
231.2	2.859112286
231.3	2.864328395
231.4	2.869551824
231.5	2.874782581
231.6	2.880020673
231.7	2.885266107
231.8	2.89051889
231.9	2.895779028
232	2.901046529
232.1	2.9063214
232.2	2.911603648
232.3	2.916893279
232.4	2.922190301
232.5	2.92749472
232.6	2.932806544
232.7	2.93812578
232.8	2.943452434
232.9	2.948786514
233	2.954128027
233.1	2.959476979
233.2	2.964833378
233.3	2.97019723
233.4	2.975568543
233.5	2.980947324
233.6	2.986333579
233.7	2.991727316
233.8	2.997128542
233.9	3.002537263
234	3.007953488
234.1	3.013377222
234.2	3.018808473
234.3	3.024247248
234.4	3.029693554
234.5	3.035147398
234.6	3.040608787
234.7	3.046077728
234.8	3.051554229
234.9	3.057038295
235	3.062529936
235.1	3.068029156
235.2	3.073535964
235.3	3.079050366
235.4	3.084572371
235.5	3.090101983
235.6	3.095639212
235.7	3.101184064
235.8	3.106736545
235.9	3.112296664
236	3.117864427
236.1	3.123439841
236.2	3.129022914
236.3	3.134613652
236.4	3.140212063
236.5	3.145818153
236.6	3.151431931
236.7	3.157053402
236.8	3.162682575
236.9	3.168319456
237	3.173964052
237.1	3.179616371
237.2	3.18527642
237.3	3.190944205
237.4	3.196619735
237.5	3.202303015
237.6	3.207994054
237.7	3.213692858
237.8	3.219399435
237.9	3.225113792
238	3.230835936
238.1	3.236565874
238.2	3.242303613
238.3	3.248049161
238.4	3.253802524
238.5	3.25956371
238.6	3.265332726
238.7	3.27110958
238.8	3.276894278
238.9	3.282686827
239	3.288487236
239.1	3.29429551
239.2	3.300111658
239.3	3.305935686
239.4	3.311767602
239.5	3.317607413
239.6	3.323455126
239.7	3.329310748
239.8	3.335174287
239.9	3.34104575
240	3.346925144
240.1	3.352812477
240.2	3.358707754
240.3	3.364610985
240.4	3.370522176
240.5	3.376441334
240.6	3.382368466
240.7	3.388303581
240.8	3.394246684
240.9	3.400197784
241	3.406156888
241.1	3.412124003
241.2	3.418099136
241.3	3.424082294
241.4	3.430073485
241.5	3.436072716
241.6	3.442079995
241.7	3.448095328
241.8	3.454118723
241.9	3.460150188
242	3.466189729
242.1	3.472237354
242.2	3.47829307
242.3	3.484356885
242.4	3.490428805
242.5	3.496508839
242.6	3.502596993
242.7	3.508693275
242.8	3.514797693
242.9	3.520910253
243	3.527030962
243.1	3.533159829
243.2	3.539296861
243.3	3.545442064
243.4	3.551595447
243.5	3.557757016
243.6	3.563926779
243.7	3.570104744
243.8	3.576290917
243.9	3.582485307
244	3.58868792
244.1	3.594898764
244.2	3.601117846
244.3	3.607345174
244.4	3.613580755
244.5	3.619824596
244.6	3.626076706
244.7	3.63233709
244.8	3.638605757
244.9	3.644882714
245	3.651167969
245.1	3.657461529
245.2	3.663763401
245.3	3.670073592
245.4	3.676392111
245.5	3.682718965
245.6	3.68905416
245.7	3.695397705
245.8	3.701749607
245.9	3.708109873
246	3.714478511
246.1	3.720855529
246.2	3.727240933
246.3	3.733634732
246.4	3.740036932
246.5	3.746447541
246.6	3.752866567
246.7	3.759294017
246.8	3.765729898
246.9	3.772174219
247	3.778626986
247.1	3.785088207
247.2	3.79155789
247.3	3.798036041
247.4	3.80452267
247.5	3.811017782
247.6	3.817521386
247.7	3.824033489
247.8	3.830554098
247.9	3.837083222
248	3.843620867
248.1	3.850167041
248.2	3.856721752
248.3	3.863285007
248.4	3.869856814
248.5	3.876437181
248.6	3.883026114
248.7	3.889623621
248.8	3.896229711
248.9	3.90284439
249	3.909467666
249.1	3.916099546
249.2	3.922740039
249.3	3.929389152
249.4	3.936046892
249.5	3.942713267
249.6	3.949388284
249.7	3.956071952
249.8	3.962764277
249.9	3.969465267
250	3.976174931
250.1	3.982893275
250.2	3.989620306
250.3	3.996356034
250.4	4.003100465
250.5	4.009853607
250.6	4.016615467
250.7	4.023386054
250.8	4.030165374
250.9	4.036953436
251	4.043750247
251.1	4.050555815
251.2	4.057370147
251.3	4.064193251
251.4	4.071025135
251.5	4.077865806
251.6	4.084715272
251.7	4.09157354
251.8	4.098440619
251.9	4.105316516
252	4.112201239
252.1	4.119094795
252.2	4.125997191
252.3	4.132908437
252.4	4.139828539
252.5	4.146757505
252.6	4.153695343
252.7	4.16064206
252.8	4.167597665
252.9	4.174562164
253	4.181535566
253.1	4.188517878
253.2	4.195509109
253.3	4.202509265
253.4	4.209518355
253.5	4.216536385
253.6	4.223563365
253.7	4.230599302
253.8	4.237644203
253.9	4.244698076
254	4.251760929
254.1	4.25883277
254.2	4.265913606
254.3	4.273003446
254.4	4.280102297
254.5	4.287210166
254.6	4.294327062
254.7	4.301452992
254.8	4.308587964
254.9	4.315731987
255	4.322885067
255.1	4.330047212
255.2	4.337218431
255.3	4.34439873
255.4	4.351588119
255.5	4.358786605
255.6	4.365994194
255.7	4.373210897
255.8	4.380436719
255.9	4.38767167
256	4.394915756
256.1	4.402168986
256.2	4.409431367
256.3	4.416702908
256.4	4.423983616
256.5	4.431273499
256.6	4.438572565
256.7	4.445880822
256.8	4.453198277
256.9	4.460524939
257	4.467860815
257.1	4.475205913
257.2	4.482560242
257.3	4.489923808
257.4	4.497296621
257.5	4.504678687
257.6	4.512070015
257.7	4.519470612
257.8	4.526880487
257.9	4.534299648
258	4.541728101
258.1	4.549165856
258.2	4.55661292
258.3	4.564069302
258.4	4.571535008
258.5	4.579010047
258.6	4.586494427
258.7	4.593988155
258.8	4.601491241
258.9	4.609003691
259	4.616525514
259.1	4.624056717
259.2	4.63159731
259.3	4.639147298
259.4	4.646706691
259.5	4.654275497
259.6	4.661853723
259.7	4.669441378
259.8	4.677038469
259.9	4.684645004
260	4.692260992
260.1	4.699886441
260.2	4.707521358
260.3	4.715165751
260.4	4.722819629
260.5	4.730482999
260.6	4.738155869
260.7	4.745838249
260.8	4.753530145
260.9	4.761231565
261	4.768942518
261.1	4.776663012
261.2	4.784393054
261.3	4.792132653
261.4	4.799881818
261.5	4.807640554
261.6	4.815408872
261.7	4.823186779
261.8	4.830974283
261.9	4.838771393
262	4.846578115
262.1	4.854394459
262.2	4.862220432
262.3	4.870056043
262.4	4.877901299
262.5	4.88575621
262.6	4.893620782
262.7	4.901495024
262.8	4.909378944
262.9	4.91727255
263	4.92517585
263.1	4.933088853
263.2	4.941011567
263.3	4.948943999
263.4	4.956886158
263.5	4.964838052
263.6	4.97279969
263.7	4.980771078
263.8	4.988752227
263.9	4.996743142
264	5.004743834
264.1	5.01275431
264.2	5.020774577
264.3	5.028804646
264.4	5.036844522
264.5	5.044894216
264.6	5.052953734
264.7	5.061023085
264.8	5.069102278
264.9	5.077191321
265	5.085290221
265.1	5.093398987
265.2	5.101517627
265.3	5.10964615
265.4	5.117784563
265.5	5.125932876
265.6	5.134091095
265.7	5.14225923
265.8	5.150437289
265.9	5.158625279
266	5.16682321
266.1	5.175031089
266.2	5.183248925
266.3	5.191476725
266.4	5.199714499
266.5	5.207962255
266.6	5.21622
266.7	5.224487744
266.8	5.232765494
266.9	5.241053258
267	5.249351046
267.1	5.257658865
267.2	5.265976724
267.3	5.27430463
267.4	5.282642593
267.5	5.290990621
267.6	5.299348722
267.7	5.307716903
267.8	5.316095175
267.9	5.324483545
268	5.33288202
268.1	5.341290611
268.2	5.349709325
268.3	5.35813817
268.4	5.366577155
268.5	5.375026288
268.6	5.383485578
268.7	5.391955033
268.8	5.400434661
268.9	5.408924471
269	5.417424471
269.1	5.42593467
269.2	5.434455075
269.3	5.442985696
269.4	5.451526541
269.5	5.460077618
269.6	5.468638936
269.7	5.477210503
269.8	5.485792328
269.9	5.494384418
270	5.502986783
270.1	5.511599431
270.2	5.52022237
270.3	5.528855609
270.4	5.537499157
270.5	5.546153021
270.6	5.55481721
270.7	5.563491734
270.8	5.572176599
270.9	5.580871815
271	5.589577391
271.1	5.598293334
271.2	5.607019654
271.3	5.615756358
271.4	5.624503455
271.5	5.633260955
271.6	5.642028865
271.7	5.650807193
271.8	5.659595949
271.9	5.668395141
272	5.677204778
272.1	5.686024868
272.2	5.694855419
272.3	5.70369644
272.4	5.712547941
272.5	5.721409928
272.6	5.730282412
272.7	5.7391654
272.8	5.748058901
272.9	5.756962924
273	5.765877478
273.1	5.77480257
273.2	5.78373821
273.3	5.792684406
273.4	5.801641166
273.5	5.8106085
273.6	5.819586417
273.7	5.828574924
273.8	5.83757403
273.9	5.846583744
274	5.855604075
274.1	5.864635031
274.2	5.873676621
274.3	5.882728854
274.4	5.891791738
274.5	5.900865282
274.6	5.909949494
274.7	5.919044384
274.8	5.92814996
274.9	5.937266231
275	5.946393206
275.1	5.955530892
275.2	5.9646793
275.3	5.973838437
275.4	5.983008312
275.5	5.992188935
275.6	6.001380313
275.7	6.010582456
275.8	6.019795372
275.9	6.029019071
276	6.03825356
276.1	6.047498849
276.2	6.056754946
276.3	6.06602186
276.4	6.075299601
276.5	6.084588176
276.6	6.093887595
276.7	6.103197866
276.8	6.112518998
276.9	6.121851
277	6.131193881
277.1	6.140547649
277.2	6.149912314
277.3	6.159287885
277.4	6.168674369
277.5	6.178071776
277.6	6.187480115
277.7	6.196899395
277.8	6.206329624
277.9	6.215770812
278	6.225222967
278.1	6.234686098
278.2	6.244160214
278.3	6.253645324
278.4	6.263141437
278.5	6.272648562
278.6	6.282166707
278.7	6.291695882
278.8	6.301236095
278.9	6.310787356
279	6.320349673
279.1	6.329923055
279.2	6.339507511
279.3	6.349103051
279.4	6.358709683
279.5	6.368327416
279.6	6.377956258
279.7	6.38759622
279.8	6.39724731
279.9	6.406909537
280	6.41658291
280.1	6.426267437
280.2	6.435963129
280.3	6.445669994
280.4	6.45538804
280.5	6.465117278
280.6	6.474857716
280.7	6.484609362
280.8	6.494372227
280.9	6.504146319
281	6.513931647
281.1	6.523728221
281.2	6.533536048
281.3	6.54335514
281.4	6.553185503
281.5	6.563027148
281.6	6.572880084
281.7	6.582744319
281.8	6.592619864
281.9	6.602506726
282	6.612404915
282.1	6.622314441
282.2	6.632235311
282.3	6.642167536
282.4	6.652111125
282.5	6.662066086
282.6	6.672032429
282.7	6.682010164
282.8	6.691999298
282.9	6.701999842
283	6.712011804
283.1	6.722035193
283.2	6.73207002
283.3	6.742116293
283.4	6.752174021
283.5	6.762243213
283.6	6.772323879
283.7	6.782416028
283.8	6.792519669
283.9	6.802634812
284	6.812761465
284.1	6.822899637
284.2	6.833049339
284.3	6.843210579
284.4	6.853383367
284.5	6.863567712
284.6	6.873763623
284.7	6.883971109
284.8	6.89419018
284.9	6.904420845
285	6.914663114
285.1	6.924916995
285.2	6.935182497
285.3	6.945459632
285.4	6.955748406
285.5	6.966048831
285.6	6.976360915
285.7	6.986684668
285.8	6.997020098
285.9	7.007367216
286	7.017726031
286.1	7.028096552
286.2	7.038478788
286.3	7.048872749
286.4	7.059278445
286.5	7.069695884
286.6	7.080125076
286.7	7.09056603
286.8	7.101018757
286.9	7.111483265
287	7.121959564
287.1	7.132447663
287.2	7.142947571
287.3	7.153459299
287.4	7.163982855
287.5	7.17451825
287.6	7.185065492
287.7	7.195624591
287.8	7.206195557
287.9	7.216778398
288	7.227373126
288.1	7.237979748
288.2	7.248598275
288.3	7.259228716
288.4	7.269871081
288.5	7.280525379
288.6	7.291191619
288.7	7.301869812
288.8	7.312559967
288.9	7.323262094
289	7.333976201
289.1	7.344702299
289.2	7.355440397
289.3	7.366190505
289.4	7.376952633
289.5	7.387726789
289.6	7.398512984
289.7	7.409311228
289.8	7.420121529
289.9	7.430943898
290	7.441778344
290.1	7.452624878
290.2	7.463483507
290.3	7.474354243
290.4	7.485237095
290.5	7.496132072
290.6	7.507039185
290.7	7.517958443
290.8	7.528889855
290.9	7.539833432
291	7.550789183
291.1	7.561757118
291.2	7.572737247
291.3	7.583729579
291.4	7.594734124
291.5	7.605750892
291.6	7.616779893
291.7	7.627821136
291.8	7.638874632
291.9	7.64994039
292	7.661018419
292.1	7.672108731
292.2	7.683211333
292.3	7.694326237
292.4	7.705453453
292.5	7.716592989
292.6	7.727744856
292.7	7.738909064
292.8	7.750085623
292.9	7.761274542
293	7.772475831
293.1	7.7836895
293.2	7.79491556
293.3	7.80615402
293.4	7.81740489
293.5	7.828668179
293.6	7.839943899
293.7	7.851232058
293.8	7.862532667
293.9	7.873845736
294	7.885171274
294.1	7.896509292
294.2	7.9078598
294.3	7.919222807
294.4	7.930598324
294.5	7.94198636
294.6	7.953386926
294.7	7.964800032
294.8	7.976225687
294.9	7.987663902
295	7.999114686
295.1	8.010578051
295.2	8.022054005
295.3	8.033542559
295.4	8.045043724
295.5	8.056557508
295.6	8.068083923
295.7	8.079622978
295.8	8.091174683
295.9	8.102739049
296	8.114316086
296.1	8.125905803
296.2	8.137508212
296.3	8.149123321
296.4	8.160751142
296.5	8.172391685
296.6	8.184044959
296.7	8.195710975
296.8	8.207389743
296.9	8.219081273
297	8.230785576
297.1	8.242502662
297.2	8.25423254
297.3	8.265975222
297.4	8.277730717
297.5	8.289499036
297.6	8.301280189
297.7	8.313074187
297.8	8.324881039
297.9	8.336700755
298	8.348533347
298.1	8.360378825
298.2	8.372237198
298.3	8.384108478
298.4	8.395992674
298.5	8.407889797
298.6	8.419799857
298.7	8.431722865
298.8	8.443658831
298.9	8.455607766
299	8.467569679
299.1	8.479544581
299.2	8.491532483
299.3	8.503533395
299.4	8.515547328
299.5	8.527574292
299.6	8.539614297
299.7	8.551667354
299.8	8.563733473
299.9	8.575812665
300	8.587904941
300.1	8.60001031
300.2	8.612128784
300.3	8.624260373
300.4	8.636405087
300.5	8.648562937
300.6	8.660733934
300.7	8.672918088
300.8	8.68511541
300.9	8.69732591
301	8.709549598
301.1	8.721786487
301.2	8.734036585
301.3	8.746299904
301.4	8.758576455
301.5	8.770866247
301.6	8.783169292
301.7	8.795485601
301.8	8.807815183
301.9	8.82015805
302	8.832514213
302.1	8.844883682
302.2	8.857266467
302.3	8.86966258
302.4	8.882072031
302.5	8.894494832
302.6	8.906930992
302.7	8.919380523
302.8	8.931843435
302.9	8.944319739
303	8.956809446
303.1	8.969312566
303.2	8.981829112
303.3	8.994359092
303.4	9.006902519
303.5	9.019459403
303.6	9.032029755
303.7	9.044613586
303.8	9.057210906
303.9	9.069821727
304	9.08244606
304.1	9.095083915
304.2	9.107735303
304.3	9.120400235
304.4	9.133078723
304.5	9.145770777
304.6	9.158476408
304.7	9.171195627
304.8	9.183928446
304.9	9.196674874
305	9.209434924
305.1	9.222208606
305.2	9.234995931
305.3	9.247796911
305.4	9.260611555
305.5	9.273439876
305.6	9.286281885
305.7	9.299137592
305.8	9.312007009
305.9	9.324890147
306	9.337787017
306.1	9.350697629
306.2	9.363621996
306.3	9.376560129
306.4	9.389512038
306.5	9.402477734
306.6	9.41545723
306.7	9.428450536
306.8	9.441457663
306.9	9.454478623
307	9.467513427
307.1	9.480562085
307.2	9.493624611
307.3	9.506701014
307.4	9.519791305
307.5	9.532895498
307.6	9.546013601
307.7	9.559145628
307.8	9.572291589
307.9	9.585451496
308	9.598625359
308.1	9.611813191
308.2	9.625015003
308.3	9.638230806
308.4	9.651460611
308.5	9.66470443
308.6	9.677962275
308.7	9.691234157
308.8	9.704520087
308.9	9.717820077
309	9.731134138
309.1	9.744462282
309.2	9.757804521
309.3	9.771160865
309.4	9.784531327
309.5	9.797915918
309.6	9.811314649
309.7	9.824727532
309.8	9.838154579
309.9	9.851595802
310	9.865051211
310.1	9.878520819
310.2	9.892004637
310.3	9.905502677
310.4	9.919014951
310.5	9.932541469
310.6	9.946082245
310.7	9.959637289
310.8	9.973206614
310.9	9.986790231
311	10.00038815
311.1	10.01400039
311.2	10.02762695
311.3	10.04126785
311.4	10.05492311
311.5	10.06859272
311.6	10.08227672
311.7	10.09597509
311.8	10.10968787
311.9	10.12341506
312	10.13715666
312.1	10.15091271
312.2	10.1646832
312.3	10.17846814
312.4	10.19226756
312.5	10.20608146
312.6	10.21990985
312.7	10.23375274
312.8	10.24761016
312.9	10.2614821
313	10.27536859
313.1	10.28926963
313.2	10.30318524
313.3	10.31711542
313.4	10.3310602
313.5	10.34501957
313.6	10.35899356
313.7	10.37298218
313.8	10.38698543
313.9	10.40100334
314	10.41503591
314.1	10.42908315
314.2	10.44314509
314.3	10.45722172
314.4	10.47131306
314.5	10.48541913
314.6	10.49953993
314.7	10.51367548
314.8	10.52782579
314.9	10.54199088
315	10.55617075
315.1	10.57036542
315.2	10.5845749
315.3	10.5987992
315.4	10.61303833
315.5	10.62729232
315.6	10.64156116
315.7	10.65584488
315.8	10.67014348
315.9	10.68445697
316	10.69878538
316.1	10.71312871
316.2	10.72748697
316.3	10.74186019
316.4	10.75624836
316.5	10.7706515
316.6	10.78506963
316.7	10.79950275
316.8	10.81395089
316.9	10.82841405
317	10.84289224
317.1	10.85738548
317.2	10.87189378
317.3	10.88641716
317.4	10.90095562
317.5	10.91550918
317.6	10.93007785
317.7	10.94466165
317.8	10.95926058
317.9	10.97387467
318	10.98850392
318.1	11.00314834
318.2	11.01780795
318.3	11.03248276
318.4	11.04717279
318.5	11.06187804
318.6	11.07659853
318.7	11.09133428
318.8	11.10608529
318.9	11.12085158
319	11.13563317
319.1	11.15043006
319.2	11.16524226
319.3	11.1800698
319.4	11.19491268
319.5	11.20977092
319.6	11.22464453
319.7	11.23953352
319.8	11.25443791
319.9	11.26935771
320	11.28429293
320.1	11.29924358
320.2	11.31420969
320.3	11.32919126
320.4	11.3441883
320.5	11.35920084
320.6	11.37422887
320.7	11.38927243
320.8	11.40433151
320.9	11.41940613
321	11.43449631
321.1	11.44960205
321.2	11.46472338
321.3	11.47986031
321.4	11.49501285
321.5	11.510181
321.6	11.5253648
321.7	11.54056424
321.8	11.55577935
321.9	11.57101013
322	11.58625661
322.1	11.60151878
322.2	11.61679668
322.3	11.63209031
322.4	11.64739968
322.5	11.66272481
322.6	11.67806571
322.7	11.6934224
322.8	11.70879489
322.9	11.72418319
323	11.73958731
323.1	11.75500728
323.2	11.77044311
323.3	11.7858948
323.4	11.80136237
323.5	11.81684584
323.6	11.83234522
323.7	11.84786053
323.8	11.86339177
323.9	11.87893897
324	11.89450213
324.1	11.91008127
324.2	11.9256764
324.3	11.94128754
324.4	11.95691471
324.5	11.97255791
324.6	11.98821716
324.7	12.00389248
324.8	12.01958387
324.9	12.03529136
325	12.05101495
325.1	12.06675466
325.2	12.08251051
325.3	12.09828251
325.4	12.11407068
325.5	12.12987502
325.6	12.14569555
325.7	12.16153229
325.8	12.17738525
325.9	12.19325445
326	12.2091399
326.1	12.22504161
326.2	12.2409596
326.3	12.25689389
326.4	12.27284448
326.5	12.2888114
326.6	12.30479465
326.7	12.32079426
326.8	12.33681023
326.9	12.35284258
327	12.36889133
327.1	12.38495649
327.2	12.40103807
327.3	12.4171361
327.4	12.43325058
327.5	12.44938152
327.6	12.46552896
327.7	12.48169289
327.8	12.49787333
327.9	12.51407031
328	12.53028383
328.1	12.5465139
328.2	12.56276055
328.3	12.57902379
328.4	12.59530364
328.5	12.6116001
328.6	12.62791319
328.7	12.64424294
328.8	12.66058935
328.9	12.67695244
329	12.69333222
329.1	12.70972871
329.2	12.72614193
329.3	12.74257189
329.4	12.7590186
329.5	12.77548208
329.6	12.79196235
329.7	12.80845942
329.8	12.82497331
329.9	12.84150403
330	12.8580516
330.1	12.87461603
330.2	12.89119734
330.3	12.90779555
330.4	12.92441066
330.5	12.9410427
330.6	12.95769168
330.7	12.97435762
330.8	12.99104053
330.9	13.00774042
331	13.02445733
331.1	13.04119125
331.2	13.0579422
331.3	13.07471021
331.4	13.09149529
331.5	13.10829745
331.6	13.1251167
331.7	13.14195307
331.8	13.15880658
331.9	13.17567723
332	13.19256504
332.1	13.20947003
332.2	13.22639221
332.3	13.24333161
332.4	13.26028824
332.5	13.2772621
332.6	13.29425323
332.7	13.31126163
332.8	13.32828733
332.9	13.34533033
333	13.36239066
333.1	13.37946833
333.2	13.39656336
333.3	13.41367576
333.4	13.43080555
333.5	13.44795275
333.6	13.46511738
333.7	13.48229944
333.8	13.49949896
333.9	13.51671595
334	13.53395044
334.1	13.55120243
334.2	13.56847194
334.3	13.58575899
334.4	13.60306361
334.5	13.62038579
334.6	13.63772557
334.7	13.65508295
334.8	13.67245796
334.9	13.68985061
335	13.70726092
335.1	13.7246889
335.2	13.74213458
335.3	13.75959796
335.4	13.77707907
335.5	13.79457793
335.6	13.81209455
335.7	13.82962895
335.8	13.84718114
335.9	13.86475115
336	13.88233898
336.1	13.89994467
336.2	13.91756822
336.3	13.93520965
336.4	13.95286899
336.5	13.97054624
336.6	13.98824142
336.7	14.00595456
336.8	14.02368567
336.9	14.04143477
337	14.05920188
337.1	14.07698701
337.2	14.09479018
337.3	14.11261141
337.4	14.13045071
337.5	14.14830812
337.6	14.16618363
337.7	14.18407728
337.8	14.20198908
337.9	14.21991904
338	14.23786719
338.1	14.25583354
338.2	14.27381812
338.3	14.29182093
338.4	14.30984201
338.5	14.32788136
338.6	14.345939
338.7	14.36401496
338.8	14.38210925
338.9	14.40022189
339	14.4183529
339.1	14.43650229
339.2	14.4546701
339.3	14.47285632
339.4	14.49106099
339.5	14.50928413
339.6	14.52752574
339.7	14.54578585
339.8	14.56406448
339.9	14.58236165
340	14.60067737
340.1	14.61901167
340.2	14.63736456
340.3	14.65573607
340.4	14.67412621
340.5	14.692535
340.6	14.71096246
340.7	14.72940861
340.8	14.74787347
340.9	14.76635706
341	14.78485939
341.1	14.8033805
341.2	14.82192039
341.3	14.84047908
341.4	14.85905661
341.5	14.87765297
341.6	14.89626821
341.7	14.91490232
341.8	14.93355534
341.9	14.95222729
342	14.97091818
342.1	14.98962803
342.2	15.00835687
342.3	15.02710471
342.4	15.04587158
342.5	15.06465748
342.6	15.08346246
342.7	15.10228651
342.8	15.12112967
342.9	15.13999196
343	15.15887339
343.1	15.17777398
343.2	15.19669377
343.3	15.21563275
343.4	15.23459097
343.5	15.25356843
343.6	15.27256515
343.7	15.29158117
343.8	15.31061649
343.9	15.32967115
344	15.34874516
344.1	15.36783853
344.2	15.3869513
344.3	15.40608348
344.4	15.4252351
344.5	15.44440617
344.6	15.46359672
344.7	15.48280676
344.8	15.50203633
344.9	15.52128543
345	15.5405541
345.1	15.55984234
345.2	15.5791502
345.3	15.59847767
345.4	15.6178248
345.5	15.63719159
345.6	15.65657807
345.7	15.67598427
345.8	15.6954102
345.9	15.71485588
346	15.73432134
346.1	15.7538066
346.2	15.77331169
346.3	15.79283661
346.4	15.8123814
346.5	15.83194608
346.6	15.85153067
346.7	15.87113519
346.8	15.89075966
346.9	15.91040411
347	15.93006856
347.1	15.94975303
347.2	15.96945754
347.3	15.98918212
347.4	16.00892679
347.5	16.02869157
347.6	16.04847649
347.7	16.06828156
347.8	16.08810682
347.9	16.10795227
348	16.12781796
348.1	16.14770389
348.2	16.1676101
348.3	16.1875366
348.4	16.20748342
348.5	16.22745058
348.6	16.24743811
348.7	16.26744602
348.8	16.28747435
348.9	16.30752312
349	16.32759235
349.1	16.34768206
349.2	16.36779227
349.3	16.38792302
349.4	16.40807432
349.5	16.4282462
349.6	16.44843869
349.7	16.4686518
349.8	16.48888556
349.9	16.50914
350	16.52941514
350.1	16.549711
350.2	16.57002761
350.3	16.590365
350.4	16.61072318
350.5	16.63110218
350.6	16.65150203
350.7	16.67192275
350.8	16.69236437
350.9	16.71282691
351	16.7333104
351.1	16.75381486
351.2	16.77434031
351.3	16.79488679
351.4	16.81545432
351.5	16.83604291
351.6	16.85665261
351.7	16.87728343
351.8	16.8979354
351.9	16.91860854
352	16.93930288
352.1	16.96001845
352.2	16.98075528
352.3	17.00151338
352.4	17.02229278
352.5	17.04309352
352.6	17.06391561
352.7	17.08475909
352.8	17.10562398
352.9	17.1265103
353	17.14741809
353.1	17.16834736
353.2	17.18929816
353.3	17.21027049
353.4	17.2312644
353.5	17.2522799
353.6	17.27331703
353.7	17.29437581
353.8	17.31545627
353.9	17.33655843
354	17.35768233
354.1	17.37882799
354.2	17.39999544
354.3	17.42118471
354.4	17.44239582
354.5	17.46362881
354.6	17.4848837
354.7	17.50616052
354.8	17.52745929
354.9	17.54878006
355	17.57012283
355.1	17.59148766
355.2	17.61287455
355.3	17.63428355
355.4	17.65571468
355.5	17.67716797
355.6	17.69864345
355.7	17.72014115
355.8	17.74166109
355.9	17.76320332
356	17.78476785
356.1	17.80635473
356.2	17.82796397
356.3	17.84959561
356.4	17.87124968
356.5	17.89292621
356.6	17.91462523
356.7	17.93634678
356.8	17.95809088
356.9	17.97985756
357	18.00164686
357.1	18.02345881
357.2	18.04529343
357.3	18.06715077
357.4	18.08903085
357.5	18.11093371
357.6	18.13285937
357.7	18.15480788
357.8	18.17677926
357.9	18.19877355
358	18.22079078
358.1	18.24283099
358.2	18.2648942
358.3	18.28698046
358.4	18.30908979
358.5	18.33122224
358.6	18.35337783
358.7	18.3755566
358.8	18.39775859
358.9	18.41998383
359	18.44223236
359.1	18.46450422
359.2	18.48679944
359.3	18.50911805
359.4	18.5314601
359.5	18.55382562
359.6	18.57621465
359.7	18.59862723
359.8	18.6210634
359.9	18.64352319
360	18.66600665
360.1	18.68851381
360.2	18.71104471
360.3	18.7335994
360.4	18.75617791
360.5	18.77878029
360.6	18.80140658
360.7	18.82405681
360.8	18.84673104
360.9	18.8694293
361	18.89215164
361.1	18.91489811
361.2	18.93766874
361.3	18.96046358
361.4	18.98328268
361.5	19.00612608
361.6	19.02899383
361.7	19.05188598
361.8	19.07480257
361.9	19.09774365
362	19.12070928
362.1	19.1436995
362.2	19.16671436
362.3	19.18975391
362.4	19.21281821
362.5	19.2359073
362.6	19.25902125
362.7	19.28216009
362.8	19.3053239
362.9	19.32851272
363	19.35172661
363.1	19.37496563
363.2	19.39822984
363.3	19.42151929
363.4	19.44483404
363.5	19.46817416
363.6	19.49153971
363.7	19.51493075
363.8	19.53834734
363.9	19.56178954
364	19.58525743
364.1	19.60875108
364.2	19.63227053
364.3	19.65581588
364.4	19.67938718
364.5	19.70298451
364.6	19.72660795
364.7	19.75025755
364.8	19.77393341
364.9	19.79763559
365	19.82136417
365.1	19.84511923
365.2	19.86890085
365.3	19.89270912
365.4	19.91654411
365.5	19.9404059
365.6	19.96429459
365.7	19.98821026
365.8	20.012153
365.9	20.03612289
366	20.06012003
366.1	20.08414451
366.2	20.10819642
366.3	20.13227587
366.4	20.15638294
366.5	20.18051773
366.6	20.20468034
366.7	20.22887088
366.8	20.25308944
366.9	20.27733614
367	20.30161107
367.1	20.32591434
367.2	20.35024607
367.3	20.37460635
367.4	20.39899531
367.5	20.42341305
367.6	20.44785969
367.7	20.47233534
367.8	20.49684012
367.9	20.52137415
368	20.54593755
368.1	20.57053044
368.2	20.59515293
368.3	20.61980515
368.4	20.64448723
368.5	20.66919928
368.6	20.69394144
368.7	20.71871382
368.8	20.74351656
368.9	20.76834978
369	20.79321361
369.1	20.81810817
369.2	20.84303359
369.3	20.86799001
369.4	20.89297754
369.5	20.91799631
369.6	20.94304645
369.7	20.96812808
369.8	20.99324132
369.9	21.01838631
370	21.04356315
370.1	21.06877196
370.2	21.09401287
370.3	21.11928598
370.4	21.14459141
370.5	21.16992926
370.6	21.19529964
370.7	21.22070263
370.8	21.24613835
370.9	21.27160687
371	21.29710829
371.1	21.32264269
371.2	21.34821014
371.3	21.3738107
371.4	21.39944446
371.5	21.42511146
371.6	21.45081178
371.7	21.47654546
371.8	21.50231256
371.9	21.52811315
372	21.55394729
372.1	21.57981505
372.2	21.60571654
372.3	21.63165187
372.4	21.65762119
372.5	21.68362471
372.6	21.70966267
372.7	21.73573542
372.8	21.76184339
372.9	21.78798713
373	21.81416736
373.1	21.84038499
373.2	21.86664117
373.3	21.89293735
373.4	21.91927539
373.5	21.94565768
373.6	21.97208742
373.7	21.99856909
373.8	22.02510966
373.9	22.05172283
