!==========>>>>> INFO
# title
Leaky Well 1
# linfo
4*1
# runmode
0

# samples
1
# FD_eps
1e-8

# radial
.TRUE.

# active pres, satn
# PROPS=CO2seq
# USER=none

# file output: 

!==========>>>>> MESH
# grid
435 1 1

# delx
    300.000000000000e-003
    12.4177126784166e-003
    12.9317113056290e-003
    13.4669855570741e-003
    14.0244160813813e-003
    14.6049199793183e-003
    15.2094523126333e-003
    15.8390076753477e-003
    16.4946218300934e-003
    17.1773734121775e-003
    17.8883857041853e-003
    18.6288284840361e-003
    19.3999199495369e-003
    20.2029287225958e-003
    21.0391759363948e-003
    21.9100374089575e-003
    22.8169459066836e-003
    23.7613935015774e-003
    24.7449340260487e-003
    25.7691856293215e-003
    26.8358334396606e-003
    27.9466323367924e-003
    29.1034098390843e-003
    30.3080691102310e-003
    31.5625920903926e-003
    32.8690427569409e-003
    34.2295705201753e-003
    35.6464137595924e-003
    37.1219035065342e-003
    38.6584672792679e-003
    40.2586330768074e-003
    41.9250335380530e-003
    43.6604102730813e-003
    45.4676183737239e-003
    47.3496311108472e-003
    49.3095448260588e-003
    51.3505840259036e-003
    53.4761066869123e-003
    55.6896097802404e-003
    57.9947350249879e-003
    60.3952748796579e-003
    62.8951787816236e-003
    65.4985596448498e-003
    68.2097006265825e-003
    71.0330621741218e-003
    73.9732893632763e-003
    77.0352195405777e-003
    80.2238902818235e-003
    83.5445476800389e-003
    87.0026549765015e-003
    90.6039015490272e-003
    94.3542122722918e-003
    98.2597572656103e-003
    102.326962044195e-003
    106.562518090596e-003
    110.973393863720e-003
    115.566846263549e-003
    120.350432570387e-003
    125.332022878328e-003
    130.519813043354e-003
    135.922338167396e-003
    141.548486640535e-003
    147.407514764424e-003
    153.509061981039e-003
    159.863166731751e-003
    166.480282972874e-003
    173.371297374800e-003
    180.547547233084e-003
    188.020839120862e-003
    195.803468313388e-003
    203.908239016564e-003
    212.348485432796e-003
    221.138093698799e-003
    230.291524731483e-003
    239.823838019449e-003
    249.750716399322e-003
    260.088491857566e-003
    270.854172400400e-003
    282.065470035802e-003
    293.740829913822e-003
    305.899460673117e-003
    318.561366043520e-003
    331.747377756770e-003
    345.479189819439e-003
    359.779394204605e-003
    374.671518020758e-003
    390.180062219324e-003
    406.330541904284e-003
    423.149528310381e-003
    440.664692518935e-003
    458.904850983021e-003
    477.900012937145e-003
    497.681429769356e-003
    518.281646436888e-003
    539.734555010067e-003
    562.075450432488e-003
    585.341088589361e-003
    609.569746779268e-003
    634.801286689143e-003
    661.077219975800e-003
    688.440776562139e-003
    716.936975760319e-003
    746.612700338755e-003
    777.516773654956e-003
    809.700039981266e-003
    843.215448155245e-003
    878.118138692557e-003
    914.465534505872e-003
    952.317435378539e-003
    991.736116349134e-003
    1.03278643016792e+000
    1.07553591399457e+000
    1.12005490051223e+000
    1.16641663364094e+000
    1.21469738904056e+000
    1.26497659960164e+000
    1.31733698613089e+000
    1.37186469344560e+000
    1.42864943210191e+000
    1.48778462598862e+000
    1.54936756603156e+000
    1.61349957025906e+000
    1.68028615049315e+000
    1.74983718594096e+000
    1.82226710397105e+000
    1.89769506837252e+000
    1.97624517540685e+000
    2.05804665797455e+000
    2.14323409823290e+000
    2.23194764901430e+000
    2.32433326441019e+000
    2.42054293989790e+000
    2.52073496240924e+000
    2.62507417074809e+000
    2.73373222678771e+000
    2.84688789789436e+000
    2.96472735103994e+000
    3.08744445909019e+000
    3.21524111976871e+000
    3.34832758782576e+000
    3.48692282095523e+000
    3.63125484002991e+000
    3.78156110424877e+000
    3.93808890181015e+000
    4.10109575675921e+000
    4.27084985267297e+000
    4.44763047388348e+000
    4.63172846496499e+000
    4.82344670923958e+000
    5.02310062708956e+000
    5.23101869489612e+000
    5.44754298545831e+000
    5.67302973078077e+000
    5.90784990815695e+000
    6.15238985051298e+000
    6.40705188201085e+000
    6.67225497996563e+000
    6.94843546415973e+000
    7.23604771468868e+000
    7.53556491951599e+000
    7.84747985298264e+000
    8.17230568652968e+000
    8.51057683298143e+000
    8.86284982577993e+000
    9.22970423460825e+000
    9.61174361891531e+000
    10.0095965209097e+000
    10.4239174996548e+000
    10.8553882079689e+000
    11.3047185138997e+000
    11.7726476686196e+000
    12.2599455226634e+000
    12.7674137925084e+000
    13.2958873795811e+000
    13.8462357438618e+000
    14.4193643343448e+000
    15.0162160787091e+000
    15.6377729346506e+000
    16.2850575054258e+000
    16.9591347222737e+000
    17.6611135964587e+000
    18.3921490438635e+000
    19.1534437850831e+000
    19.9462503241667e+000
    20.7718730092899e+000
    21.6316701786973e+000
    22.5270563954751e+000
    23.4595047748401e+000
    24.4305494077465e+000
    25.4417878848174e+000
    26.4948839247469e+000
    27.5915701114986e+000
    28.7336507448018e+000
    29.9230048086383e+000
    31.1615890626001e+000
    32.4514412612077e+000
    33.7946835064816e+000
    35.1935257392867e+000
    36.6502693751899e+000
    38.1673110908154e+000
    39.7471467669270e+000
    11.0466919378536e+000
    11.1687213406233e+000
    11.2920987646129e+000
    11.4168391009975e+000
    11.5429574054501e+000
    11.6704688999600e+000
    11.7993889746692e+000
    11.9297331897262e+000
    12.0615172771738e+000
    12.1947571428379e+000
    12.3294688682518e+000
    12.4656687125969e+000
    12.6033731146640e+000
    12.7425986948397e+000
    12.8833622571092e+000
    13.0256807910873e+000
    13.1695714740674e+000
    13.3150516730948e+000
    13.4621389470653e+000
    13.6108510488368e+000
    13.7612059273856e+000
    13.9132217299584e+000
    14.0669168042725e+000
    14.2223097007247e+000
    14.3794191746333e+000
    14.5382641885010e+000
    14.6988639143021e+000
    14.8612377358002e+000
    15.0254052508826e+000
    15.1913862739304e+000
    15.3592008382077e+000
    15.5288691982803e+000
    15.7004118324555e+000
    15.8738494452662e+000
    16.0492029699558e+000
    16.2264935710130e+000
    16.4057426467236e+000
    16.5869718317535e+000
    16.7702029997608e+000
    16.9554582660344e+000
    17.1427599901644e+000
    17.3321307787403e+000
    17.5235934880798e+000
    17.7171712269883e+000
    17.9128873595414e+000
    18.1107655079197e+000
    18.3108295552447e+000
    18.5131036484677e+000
    18.7176122012859e+000
    18.9243798970858e+000
    19.1334316919238e+000
    19.3447928175383e+000
    19.5584887843956e+000
    19.7745453847665e+000
    19.9929886958430e+000
    20.2138450828832e+000
    20.4371412023934e+000
    20.6629040053483e+000
    20.8911607404352e+000
    21.1219389573587e+000
    21.3552665101508e+000
    21.5911715605394e+000
    21.8296825813459e+000
    22.0708283599231e+000
    22.3146380016285e+000
    22.5611409333374e+000
    22.8103669069942e+000
    23.0623460032070e+000
    23.3171086348671e+000
    23.5746855508378e+000
    23.8351078396495e+000
    24.0984069332594e+000
    24.3646146108445e+000
    24.6337630026351e+000
    24.9058845937952e+000
    25.1810122283423e+000
    25.4591791131124e+000
    25.7404188217656e+000
    26.0247652988410e+000
    26.3122528638523e+000
    26.6029162154300e+000
    26.8967904355104e+000
    27.1939109935711e+000
    27.4943137508994e+000
    27.7980349649488e+000
    28.1051112936843e+000
    28.4155798000247e+000
    28.7294779563108e+000
    29.0468436488300e+000
    29.3677151823854e+000
    29.6921312849240e+000
    30.0201311122064e+000
    30.3517542525401e+000
    30.6870407315382e+000
    31.0260310169842e+000
    31.3687660236828e+000
    31.7152871184176e+000
    32.0656361249348e+000
    32.4198553289984e+000
    32.7779874834873e+000
    36.3374919493417e+000
    36.7776297230680e+000
    37.2230986643904e+000
    37.6739633470761e+000
    38.1302891270143e+000
    38.5921421517405e+000
    39.0595893699929e+000
    39.5326985414149e+000
    40.0115382464132e+000
    40.4961778960464e+000
    40.9866877421387e+000
    41.4831388874286e+000
    41.9856032958774e+000
    42.4941538031317e+000
    43.0088641270327e+000
    43.5298088783552e+000
    44.0570635715835e+000
    44.5907046358611e+000
    45.1308094261053e+000
    45.6774562341639e+000
    46.2307243002228e+000
    46.7906938242504e+000
    47.3574459776273e+000
    47.9310629149495e+000
    48.5116277858770e+000
    49.0992247472495e+000
    49.6939389752451e+000
    50.2958566777224e+000
    50.9050651067637e+000
    51.5216525712585e+000
    52.1457084497670e+000
    52.7773232034333e+000
    53.4165883890992e+000
    54.0635966726213e+000
    54.7184418422312e+000
    55.3812188222055e+000
    56.0520236865759e+000
    56.7309536730554e+000
    57.4181071971852e+000
    58.1135838665214e+000
    58.8174844951545e+000
    59.5299111182667e+000
    60.2509670069303e+000
    60.9807566831205e+000
    61.7193859347935e+000
    62.4669618313028e+000
    63.2235927388556e+000
    63.9893883362356e+000
    64.7644596307455e+000
    65.5489189742184e+000
    66.3428800793890e+000
    67.1464580363227e+000
    67.9597693290898e+000
    68.7829318527210e+000
    69.6160649301992e+000
    70.4592893298477e+000
    71.3127272827805e+000
    72.1765025006152e+000
    73.0507401934701e+000
    73.9355670880223e+000
    74.8311114459657e+000
    75.7375030825488e+000
    76.6548733853842e+000
    77.5833553335633e+000
    78.5230835168359e+000
    79.4741941552120e+000
    80.4368251186515e+000
    81.4111159470376e+000
    82.3972078704819e+000
    83.3952438296892e+000
    84.4053684967803e+000
    85.4277282961993e+000
    86.4624714259289e+000
    87.5097478790576e+000
    88.5697094653970e+000
    89.6425098336158e+000
    90.7283044934220e+000
    91.8272508381178e+000
    92.9395081674784e+000
    94.0652377107408e+000
    95.2046026500839e+000
    96.3577681442039e+000
    97.5249013522616e+000
    98.7061714581869e+000
    99.9017496950819e+000
    101.111809370172e+000
    102.336525889838e+000
    103.576076785044e+000
    104.830641737160e+000
    106.100402603874e+000
    107.385543445687e+000
    108.686250552508e+000
    110.002712470650e+000
    111.335120030264e+000
    112.683666372845e+000
    114.048546979395e+000
    115.429959698638e+000
    116.828104775714e+000
    118.243184881307e+000
    119.675405140859e+000
    700.689556931746e+000
    749.786142451067e+000
    802.322874445827e+000
    858.540800386991e+000
    918.697857690120e+000
    983.070057175993e+000
    1.05195274945554e+003
    1.12566198004846e+003
    1.20453593945396e+003
    1.28893651482640e+003
    1.37925095037509e+003
    1.47589362410668e+003
    1.57930794906211e+003
    1.68996840777077e+003
    1.80838272925773e+003
    1.93509421859038e+003
    2.07068424965491e+003
    2.21577493259854e+003
    2.37103196817683e+003
    2.53716770210212e+003
    2.71494439340686e+003
    2.90517771181801e+003
    3.10874048018810e+003
    3.32656667915597e+003
    3.55965573240815e+003
    3.80907709220520e+003
    4.07597514621082e+003
    4.36157446813715e+003
    4.66718543629753e+003
    4.99421024584543e+003
    5.34414934228384e+003
    5.71860830576603e+003
    6.11930521776936e+003
    6.54807854394626e+003

# dely
1*1.0D0

# delz
1*100.0D0

!==========>>>>> Time
# timestep control
1
1. 1.0 1.0 0.0 

# variable step size
1
1.0e-8 1.0e-10 8.64e6 8.64e8  3
!delt_start delt_min delt_max t_end delt_double

!==========>>>>>  NONLINEAR SOLVER
# nlsolve
15 0

!==========>>>>>  FLOW
# lsolvef  (linear solver control)
1.0d-18 16  50
# nliterf (nonlinear iteration control)
1.0d-1 1.0


==========>>>>>  TEMP
# lsolvet  (linear solver control)
1.0d-10 67   500
# nlitert (nonlinear iteration control)
1.0d-8 1.0


# pres bcd, simple=right, value=init, error=ignore
# satn bcd, simple=right, value=init, error=ignore

# pres bcn, records=1, direction=0, error=ignore
1 1 1 0 0
# satn bcn, records=1, direction=0, error=ignore
1 1 1 100.0 0

!==========>>>>>   UNIT DESCRIPTION
!por, a_kx, a_ky, kz, comp, a_lx, a_ly, lz, q, rc, df, ec, lc, bcl, bcpd, s_nr,
s_wr, hbc, tbc, cbc, ebc, snbc, tp, sbc (24 values)
# units 
.12D0  1.d0 1.d0 1.D-13    1.0d-10  1.d0 1.d0 0.0D0  0.D-6 2.650d6 5.0E0 3.D-9 2D-10 2.0 0.0 0.05 0.3 0.0 0.0
!.12D0  1.d0 1.d0 1.D-13    1.0d-10  1.d0 1.d0 0.0D0  0.D-6 2.650d6 5.0E0 3.D-9 2D-10 2.0 0.0 0.05 0.3

# uindex
435*1

!==========>>>>>   INITIAL VALUES 
# pres init
435*12

# satn init
435*-5.7157537316426456E-002

! 260 °C at 9 MPa
# temp init
435*45.0

!==========>>>>>   GENERAL 
# grav
9.81
# rhocm 
2300.d0 1.0d-40 0.00000 0.00000
!# fluid props
1045.0 0.0d0 4218.0d0 0.65d0 2.535d-4 0.001d0


# output times, records=75
         100
       86400
      172800
      259200
      345600
     1209600
     2073600
     2937600
     3801600
     4665600
     5529600
     6393600
     7257600
     8121600
     8985600
     9849600
    10713600
    11577600
    12441600
    13305600
    14169600
    15033600
    15897600
    16761600
    17625600
    18489600
    19353600
    20217600
    21081600
    21945600
    22809600
    23673600
    24537600
    25401600
    26265600
    27129600
    27993600
    28857600
    29721600
    30585600
    31449600
    32313600
    33177600
    34041600
    34905600
    35769600
    36633600
    37497600
    38361600
    39225600
    40089600
    40953600
    41817600
    42681600
    43545600
    44409600
    45273600
    46137600
    47001600
    47865600
    48729600
    49593600
    50457600
    51321600
    52185600
    53049600
    53913600
    54777600
    55641600
    56505600
    57369600
    58233600
    59097600
    59961600
   8.64e8
