         i                j             k               h               T              conc               kz     lz     por 
     2  1.0000000000E-01     2     0   0   1   0   0   0
             22             16              1  1.0527612000E+01  1.0000000000E+01  6.0005844000E-02  2.4612355000E-12  3.E+00  1.E-01
             10             16              1  1.0432877000E+01  1.0000000000E+01  5.9997001000E-02  8.5719887000E-13  3.E+00  1.E-01
     4  3.0000000000E-01     2     0   0   1   0   0   0
             22             16              1  1.0527492000E+01  1.0000000000E+01  6.0105278000E-02  2.4612355000E-12  3.E+00  1.E-01
             10             16              1  1.0432577000E+01  1.0000000000E+01  5.9996787000E-02  8.5719887000E-13  3.E+00  1.E-01
     6  5.0000000000E-01     2     0   0   1   0   0   0
             22             16              1  1.0527492000E+01  1.0000000000E+01  6.0471824000E-02  2.4612355000E-12  3.E+00  1.E-01
             10             16              1  1.0432577000E+01  1.0000000000E+01  5.9997090000E-02  8.5719887000E-13  3.E+00  1.E-01
     8  7.0000000000E-01     2     0   0   1   0   0   0
             22             16              1  1.0527492000E+01  1.0000000000E+01  6.1204739000E-02  2.4612355000E-12  3.E+00  1.E-01
             10             16              1  1.0432577000E+01  1.0000000000E+01  5.9998213000E-02  8.5719887000E-13  3.E+00  1.E-01
    10  9.0000000000E-01     2     0   0   1   0   0   0
             22             16              1  1.0527492000E+01  1.0000000000E+01  6.2271343000E-02  2.4612355000E-12  3.E+00  1.E-01
             10             16              1  1.0432577000E+01  1.0000000000E+01  6.0001763000E-02  8.5719887000E-13  3.E+00  1.E-01
    12  1.1000000000E+00     2     0   0   1   0   0   0
             22             16              1  1.0527492000E+01  1.0000000000E+01  6.3563976000E-02  2.4612355000E-12  3.E+00  1.E-01
             10             16              1  1.0432577000E+01  1.0000000000E+01  6.0010948000E-02  8.5719887000E-13  3.E+00  1.E-01
    14  1.3000000000E+00     2     0   0   1   0   0   0
             22             16              1  1.0527492000E+01  1.0000000000E+01  6.4965145000E-02  2.4612355000E-12  3.E+00  1.E-01
             10             16              1  1.0432577000E+01  1.0000000000E+01  6.0030634000E-02  8.5719887000E-13  3.E+00  1.E-01
    16  1.5000000000E+00     2     0   0   1   0   0   0
             22             16              1  1.0527492000E+01  1.0000000000E+01  6.6380268000E-02  2.4612355000E-12  3.E+00  1.E-01
             10             16              1  1.0432577000E+01  1.0000000000E+01  6.0066915000E-02  8.5719887000E-13  3.E+00  1.E-01
    18  1.7000000000E+00     2     0   0   1   0   0   0
             22             16              1  1.0527492000E+01  1.0000000000E+01  6.7745039000E-02  2.4612355000E-12  3.E+00  1.E-01
             10             16              1  1.0432577000E+01  1.0000000000E+01  6.0126336000E-02  8.5719887000E-13  3.E+00  1.E-01
    20  1.9000000000E+00     2     0   0   1   0   0   0
             22             16              1  1.0527492000E+01  1.0000000000E+01  6.9021348000E-02  2.4612355000E-12  3.E+00  1.E-01
             10             16              1  1.0432577000E+01  1.0000000000E+01  6.0215055000E-02  8.5719887000E-13  3.E+00  1.E-01
    22  2.1000000000E+00     2     0   0   1   0   0   0
             22             16              1  1.0527492000E+01  1.0000000000E+01  7.0190277000E-02  2.4612355000E-12  3.E+00  1.E-01
             10             16              1  1.0432577000E+01  1.0000000000E+01  6.0338153000E-02  8.5719887000E-13  3.E+00  1.E-01
    24  2.3000000000E+00     2     0   0   1   0   0   0
             22             16              1  1.0527492000E+01  1.0000000000E+01  7.1245676000E-02  2.4612355000E-12  3.E+00  1.E-01
             10             16              1  1.0432577000E+01  1.0000000000E+01  6.0499215000E-02  8.5719887000E-13  3.E+00  1.E-01
    26  2.5000000000E+00     2     0   0   1   0   0   0
             22             16              1  1.0527492000E+01  1.0000000000E+01  7.2189289000E-02  2.4612355000E-12  3.E+00  1.E-01
             10             16              1  1.0432577000E+01  1.0000000000E+01  6.0700172000E-02  8.5719887000E-13  3.E+00  1.E-01
    28  2.7000000000E+00     2     0   0   1   0   0   0
             22             16              1  1.0527492000E+01  1.0000000000E+01  7.3027361000E-02  2.4612355000E-12  3.E+00  1.E-01
             10             16              1  1.0432577000E+01  1.0000000000E+01  6.0941358000E-02  8.5719887000E-13  3.E+00  1.E-01
    30  2.9000000000E+00     2     0   0   1   0   0   0
             22             16              1  1.0527492000E+01  1.0000000000E+01  7.3768422000E-02  2.4612355000E-12  3.E+00  1.E-01
             10             16              1  1.0432577000E+01  1.0000000000E+01  6.1221708000E-02  8.5719887000E-13  3.E+00  1.E-01
    32  3.1000000000E+00     2     0   0   1   0   0   0
             22             16              1  1.0527492000E+01  1.0000000000E+01  7.4421881000E-02  2.4612355000E-12  3.E+00  1.E-01
             10             16              1  1.0432577000E+01  1.0000000000E+01  6.1539023000E-02  8.5719887000E-13  3.E+00  1.E-01
    34  3.3000000000E+00     2     0   0   1   0   0   0
             22             16              1  1.0527492000E+01  1.0000000000E+01  7.4997195000E-02  2.4612355000E-12  3.E+00  1.E-01
             10             16              1  1.0432577000E+01  1.0000000000E+01  6.1890265000E-02  8.5719887000E-13  3.E+00  1.E-01
    36  3.5000000000E+00     2     0   0   1   0   0   0
             22             16              1  1.0527492000E+01  1.0000000000E+01  7.5503379000E-02  2.4612355000E-12  3.E+00  1.E-01
             10             16              1  1.0432577000E+01  1.0000000000E+01  6.2271824000E-02  8.5719887000E-13  3.E+00  1.E-01
    38  3.7000000000E+00     2     0   0   1   0   0   0
             22             16              1  1.0527492000E+01  1.0000000000E+01  7.5948769000E-02  2.4612355000E-12  3.E+00  1.E-01
             10             16              1  1.0432577000E+01  1.0000000000E+01  6.2679760000E-02  8.5719887000E-13  3.E+00  1.E-01
    40  3.9000000000E+00     2     0   0   1   0   0   0
             22             16              1  1.0527492000E+01  1.0000000000E+01  7.6340906000E-02  2.4612355000E-12  3.E+00  1.E-01
             10             16              1  1.0432577000E+01  1.0000000000E+01  6.3110002000E-02  8.5719887000E-13  3.E+00  1.E-01
    42  4.1000000000E+00     2     0   0   1   0   0   0
             22             16              1  1.0527492000E+01  1.0000000000E+01  7.6686523000E-02  2.4612355000E-12  3.E+00  1.E-01
             10             16              1  1.0432577000E+01  1.0000000000E+01  6.3558500000E-02  8.5719887000E-13  3.E+00  1.E-01
    44  4.3000000000E+00     2     0   0   1   0   0   0
             22             16              1  1.0527492000E+01  1.0000000000E+01  7.6991568000E-02  2.4612355000E-12  3.E+00  1.E-01
             10             16              1  1.0432577000E+01  1.0000000000E+01  6.4021342000E-02  8.5719887000E-13  3.E+00  1.E-01
    46  4.5000000000E+00     2     0   0   1   0   0   0
             22             16              1  1.0527492000E+01  1.0000000000E+01  7.7261261000E-02  2.4612355000E-12  3.E+00  1.E-01
             10             16              1  1.0432577000E+01  1.0000000000E+01  6.4494836000E-02  8.5719887000E-13  3.E+00  1.E-01
    48  4.7000000000E+00     2     0   0   1   0   0   0
             22             16              1  1.0527492000E+01  1.0000000000E+01  7.7500163000E-02  2.4612355000E-12  3.E+00  1.E-01
             10             16              1  1.0432577000E+01  1.0000000000E+01  6.4975560000E-02  8.5719887000E-13  3.E+00  1.E-01
    50  4.9000000000E+00     2     0   0   1   0   0   0
             22             16              1  1.0527492000E+01  1.0000000000E+01  7.7712239000E-02  2.4612355000E-12  3.E+00  1.E-01
             10             16              1  1.0432577000E+01  1.0000000000E+01  6.5460395000E-02  8.5719887000E-13  3.E+00  1.E-01
    52  5.1000000000E+00     2     0   0   1   0   0   0
             22             16              1  1.0527492000E+01  1.0000000000E+01  7.7900935000E-02  2.4612355000E-12  3.E+00  1.E-01
             10             16              1  1.0432577000E+01  1.0000000000E+01  6.5946537000E-02  8.5719887000E-13  3.E+00  1.E-01
    54  5.3000000000E+00     2     0   0   1   0   0   0
             22             16              1  1.0527492000E+01  1.0000000000E+01  7.8069235000E-02  2.4612355000E-12  3.E+00  1.E-01
             10             16              1  1.0432577000E+01  1.0000000000E+01  6.6431498000E-02  8.5719887000E-13  3.E+00  1.E-01
    56  5.5000000000E+00     2     0   0   1   0   0   0
             22             16              1  1.0527492000E+01  1.0000000000E+01  7.8219722000E-02  2.4612355000E-12  3.E+00  1.E-01
             10             16              1  1.0432577000E+01  1.0000000000E+01  6.6913094000E-02  8.5719887000E-13  3.E+00  1.E-01
    58  5.7000000000E+00     2     0   0   1   0   0   0
             22             16              1  1.0527492000E+01  1.0000000000E+01  7.8354632000E-02  2.4612355000E-12  3.E+00  1.E-01
             10             16              1  1.0432577000E+01  1.0000000000E+01  6.7389436000E-02  8.5719887000E-13  3.E+00  1.E-01
    60  5.9000000000E+00     2     0   0   1   0   0   0
             22             16              1  1.0527492000E+01  1.0000000000E+01  7.8475899000E-02  2.4612355000E-12  3.E+00  1.E-01
             10             16              1  1.0432577000E+01  1.0000000000E+01  6.7858907000E-02  8.5719887000E-13  3.E+00  1.E-01
    62  6.1000000000E+00     2     0   0   1   0   0   0
             22             16              1  1.0527492000E+01  1.0000000000E+01  7.8585196000E-02  2.4612355000E-12  3.E+00  1.E-01
             10             16              1  1.0432577000E+01  1.0000000000E+01  6.8320139000E-02  8.5719887000E-13  3.E+00  1.E-01
    64  6.3000000000E+00     2     0   0   1   0   0   0
             22             16              1  1.0527492000E+01  1.0000000000E+01  7.8683969000E-02  2.4612355000E-12  3.E+00  1.E-01
             10             16              1  1.0432577000E+01  1.0000000000E+01  6.8771997000E-02  8.5719887000E-13  3.E+00  1.E-01
    66  6.5000000000E+00     2     0   0   1   0   0   0
             22             16              1  1.0527492000E+01  1.0000000000E+01  7.8773474000E-02  2.4612355000E-12  3.E+00  1.E-01
             10             16              1  1.0432577000E+01  1.0000000000E+01  6.9213550000E-02  8.5719887000E-13  3.E+00  1.E-01
    68  6.7000000000E+00     2     0   0   1   0   0   0
             22             16              1  1.0527492000E+01  1.0000000000E+01  7.8854796000E-02  2.4612355000E-12  3.E+00  1.E-01
             10             16              1  1.0432577000E+01  1.0000000000E+01  6.9644053000E-02  8.5719887000E-13  3.E+00  1.E-01
    70  6.9000000000E+00     2     0   0   1   0   0   0
             22             16              1  1.0527492000E+01  1.0000000000E+01  7.8928878000E-02  2.4612355000E-12  3.E+00  1.E-01
             10             16              1  1.0432577000E+01  1.0000000000E+01  7.0062926000E-02  8.5719887000E-13  3.E+00  1.E-01
    72  7.1000000000E+00     2     0   0   1   0   0   0
             22             16              1  1.0527492000E+01  1.0000000000E+01  7.8996537000E-02  2.4612355000E-12  3.E+00  1.E-01
             10             16              1  1.0432577000E+01  1.0000000000E+01  7.0469735000E-02  8.5719887000E-13  3.E+00  1.E-01
    74  7.3000000000E+00     2     0   0   1   0   0   0
             22             16              1  1.0527492000E+01  1.0000000000E+01  7.9058487000E-02  2.4612355000E-12  3.E+00  1.E-01
             10             16              1  1.0432577000E+01  1.0000000000E+01  7.0864171000E-02  8.5719887000E-13  3.E+00  1.E-01
    76  7.5000000000E+00     2     0   0   1   0   0   0
             22             16              1  1.0527492000E+01  1.0000000000E+01  7.9115347000E-02  2.4612355000E-12  3.E+00  1.E-01
             10             16              1  1.0432577000E+01  1.0000000000E+01  7.1246038000E-02  8.5719887000E-13  3.E+00  1.E-01
    78  7.7000000000E+00     2     0   0   1   0   0   0
             22             16              1  1.0527492000E+01  1.0000000000E+01  7.9167656000E-02  2.4612355000E-12  3.E+00  1.E-01
             10             16              1  1.0432577000E+01  1.0000000000E+01  7.1615236000E-02  8.5719887000E-13  3.E+00  1.E-01
    80  7.9000000000E+00     2     0   0   1   0   0   0
             22             16              1  1.0527492000E+01  1.0000000000E+01  7.9215888000E-02  2.4612355000E-12  3.E+00  1.E-01
             10             16              1  1.0432577000E+01  1.0000000000E+01  7.1971745000E-02  8.5719887000E-13  3.E+00  1.E-01
    82  8.1000000000E+00     2     0   0   1   0   0   0
             22             16              1  1.0527492000E+01  1.0000000000E+01  7.9260455000E-02  2.4612355000E-12  3.E+00  1.E-01
             10             16              1  1.0432577000E+01  1.0000000000E+01  7.2315619000E-02  8.5719887000E-13  3.E+00  1.E-01
    84  8.3000000000E+00     2     0   0   1   0   0   0
             22             16              1  1.0527492000E+01  1.0000000000E+01  7.9301720000E-02  2.4612355000E-12  3.E+00  1.E-01
             10             16              1  1.0432577000E+01  1.0000000000E+01  7.2646968000E-02  8.5719887000E-13  3.E+00  1.E-01
    86  8.5000000000E+00     2     0   0   1   0   0   0
             22             16              1  1.0527492000E+01  1.0000000000E+01  7.9340002000E-02  2.4612355000E-12  3.E+00  1.E-01
             10             16              1  1.0432577000E+01  1.0000000000E+01  7.2965955000E-02  8.5719887000E-13  3.E+00  1.E-01
    88  8.7000000000E+00     2     0   0   1   0   0   0
             22             16              1  1.0527492000E+01  1.0000000000E+01  7.9375580000E-02  2.4612355000E-12  3.E+00  1.E-01
             10             16              1  1.0432577000E+01  1.0000000000E+01  7.3272783000E-02  8.5719887000E-13  3.E+00  1.E-01
    90  8.9000000000E+00     2     0   0   1   0   0   0
             22             16              1  1.0527492000E+01  1.0000000000E+01  7.9408703000E-02  2.4612355000E-12  3.E+00  1.E-01
             10             16              1  1.0432577000E+01  1.0000000000E+01  7.3567689000E-02  8.5719887000E-13  3.E+00  1.E-01
    92  9.1000000000E+00     2     0   0   1   0   0   0
             22             16              1  1.0527492000E+01  1.0000000000E+01  7.9439589000E-02  2.4612355000E-12  3.E+00  1.E-01
             10             16              1  1.0432577000E+01  1.0000000000E+01  7.3850938000E-02  8.5719887000E-13  3.E+00  1.E-01
    94  9.3000000000E+00     2     0   0   1   0   0   0
             22             16              1  1.0527492000E+01  1.0000000000E+01  7.9468433000E-02  2.4612355000E-12  3.E+00  1.E-01
             10             16              1  1.0432577000E+01  1.0000000000E+01  7.4122818000E-02  8.5719887000E-13  3.E+00  1.E-01
    96  9.5000000000E+00     2     0   0   1   0   0   0
             22             16              1  1.0527492000E+01  1.0000000000E+01  7.9495407000E-02  2.4612355000E-12  3.E+00  1.E-01
             10             16              1  1.0432577000E+01  1.0000000000E+01  7.4383632000E-02  8.5719887000E-13  3.E+00  1.E-01
    98  9.7000000000E+00     2     0   0   1   0   0   0
             22             16              1  1.0527492000E+01  1.0000000000E+01  7.9520665000E-02  2.4612355000E-12  3.E+00  1.E-01
             10             16              1  1.0432577000E+01  1.0000000000E+01  7.4633698000E-02  8.5719887000E-13  3.E+00  1.E-01
   100  9.9000000000E+00     2     0   0   1   0   0   0
             22             16              1  1.0527492000E+01  1.0000000000E+01  7.9544345000E-02  2.4612355000E-12  3.E+00  1.E-01
             10             16              1  1.0432577000E+01  1.0000000000E+01  7.4873341000E-02  8.5719887000E-13  3.E+00  1.E-01
   102  1.0100000000E+01     2     0   0   1   0   0   0
             22             16              1  1.0527492000E+01  1.0000000000E+01  7.9566571000E-02  2.4612355000E-12  3.E+00  1.E-01
             10             16              1  1.0432577000E+01  1.0000000000E+01  7.5102892000E-02  8.5719887000E-13  3.E+00  1.E-01
   104  1.0300000000E+01     2     0   0   1   0   0   0
             22             16              1  1.0527492000E+01  1.0000000000E+01  7.9587452000E-02  2.4612355000E-12  3.E+00  1.E-01
             10             16              1  1.0432577000E+01  1.0000000000E+01  7.5322686000E-02  8.5719887000E-13  3.E+00  1.E-01
   106  1.0500000000E+01     2     0   0   1   0   0   0
             22             16              1  1.0527492000E+01  1.0000000000E+01  7.9607089000E-02  2.4612355000E-12  3.E+00  1.E-01
             10             16              1  1.0432577000E+01  1.0000000000E+01  7.5533059000E-02  8.5719887000E-13  3.E+00  1.E-01
   108  1.0700000000E+01     2     0   0   1   0   0   0
             22             16              1  1.0527492000E+01  1.0000000000E+01  7.9625573000E-02  2.4612355000E-12  3.E+00  1.E-01
             10             16              1  1.0432577000E+01  1.0000000000E+01  7.5734344000E-02  8.5719887000E-13  3.E+00  1.E-01
   110  1.0900000000E+01     2     0   0   1   0   0   0
             22             16              1  1.0527492000E+01  1.0000000000E+01  7.9642985000E-02  2.4612355000E-12  3.E+00  1.E-01
             10             16              1  1.0432577000E+01  1.0000000000E+01  7.5926873000E-02  8.5719887000E-13  3.E+00  1.E-01
   112  1.1100000000E+01     2     0   0   1   0   0   0
             22             16              1  1.0527492000E+01  1.0000000000E+01  7.9659398000E-02  2.4612355000E-12  3.E+00  1.E-01
             10             16              1  1.0432577000E+01  1.0000000000E+01  7.6110974000E-02  8.5719887000E-13  3.E+00  1.E-01
   114  1.1300000000E+01     2     0   0   1   0   0   0
             22             16              1  1.0527492000E+01  1.0000000000E+01  7.9674882000E-02  2.4612355000E-12  3.E+00  1.E-01
             10             16              1  1.0432577000E+01  1.0000000000E+01  7.6286967000E-02  8.5719887000E-13  3.E+00  1.E-01
   116  1.1500000000E+01     2     0   0   1   0   0   0
             22             16              1  1.0527492000E+01  1.0000000000E+01  7.9689498000E-02  2.4612355000E-12  3.E+00  1.E-01
             10             16              1  1.0432577000E+01  1.0000000000E+01  7.6455168000E-02  8.5719887000E-13  3.E+00  1.E-01
   118  1.1700000000E+01     2     0   0   1   0   0   0
             22             16              1  1.0527492000E+01  1.0000000000E+01  7.9703301000E-02  2.4612355000E-12  3.E+00  1.E-01
             10             16              1  1.0432577000E+01  1.0000000000E+01  7.6615886000E-02  8.5719887000E-13  3.E+00  1.E-01
   120  1.1900000000E+01     2     0   0   1   0   0   0
             22             16              1  1.0527492000E+01  1.0000000000E+01  7.9716345000E-02  2.4612355000E-12  3.E+00  1.E-01
             10             16              1  1.0432577000E+01  1.0000000000E+01  7.6769422000E-02  8.5719887000E-13  3.E+00  1.E-01
   122  1.2100000000E+01     2     0   0   1   0   0   0
             22             16              1  1.0527492000E+01  1.0000000000E+01  7.9728676000E-02  2.4612355000E-12  3.E+00  1.E-01
             10             16              1  1.0432577000E+01  1.0000000000E+01  7.6916068000E-02  8.5719887000E-13  3.E+00  1.E-01
   124  1.2300000000E+01     2     0   0   1   0   0   0
             22             16              1  1.0527492000E+01  1.0000000000E+01  7.9740340000E-02  2.4612355000E-12  3.E+00  1.E-01
             10             16              1  1.0432577000E+01  1.0000000000E+01  7.7056109000E-02  8.5719887000E-13  3.E+00  1.E-01
   126  1.2500000000E+01     2     0   0   1   0   0   0
             22             16              1  1.0527492000E+01  1.0000000000E+01  7.9751375000E-02  2.4612355000E-12  3.E+00  1.E-01
             10             16              1  1.0432577000E+01  1.0000000000E+01  7.7189820000E-02  8.5719887000E-13  3.E+00  1.E-01
   128  1.2700000000E+01     2     0   0   1   0   0   0
             22             16              1  1.0527492000E+01  1.0000000000E+01  7.9761821000E-02  2.4612355000E-12  3.E+00  1.E-01
             10             16              1  1.0432577000E+01  1.0000000000E+01  7.7317468000E-02  8.5719887000E-13  3.E+00  1.E-01
   130  1.2900000000E+01     2     0   0   1   0   0   0
             22             16              1  1.0527492000E+01  1.0000000000E+01  7.9771712000E-02  2.4612355000E-12  3.E+00  1.E-01
             10             16              1  1.0432577000E+01  1.0000000000E+01  7.7439312000E-02  8.5719887000E-13  3.E+00  1.E-01
   132  1.3100000000E+01     2     0   0   1   0   0   0
             22             16              1  1.0527492000E+01  1.0000000000E+01  7.9781080000E-02  2.4612355000E-12  3.E+00  1.E-01
             10             16              1  1.0432577000E+01  1.0000000000E+01  7.7555600000E-02  8.5719887000E-13  3.E+00  1.E-01
   134  1.3300000000E+01     2     0   0   1   0   0   0
             22             16              1  1.0527492000E+01  1.0000000000E+01  7.9789955000E-02  2.4612355000E-12  3.E+00  1.E-01
             10             16              1  1.0432577000E+01  1.0000000000E+01  7.7666573000E-02  8.5719887000E-13  3.E+00  1.E-01
   136  1.3500000000E+01     2     0   0   1   0   0   0
             22             16              1  1.0527492000E+01  1.0000000000E+01  7.9798366000E-02  2.4612355000E-12  3.E+00  1.E-01
             10             16              1  1.0432577000E+01  1.0000000000E+01  7.7772463000E-02  8.5719887000E-13  3.E+00  1.E-01
   138  1.3700000000E+01     2     0   0   1   0   0   0
             22             16              1  1.0527492000E+01  1.0000000000E+01  7.9806338000E-02  2.4612355000E-12  3.E+00  1.E-01
             10             16              1  1.0432577000E+01  1.0000000000E+01  7.7873491000E-02  8.5719887000E-13  3.E+00  1.E-01
   140  1.3900000000E+01     2     0   0   1   0   0   0
             22             16              1  1.0527492000E+01  1.0000000000E+01  7.9813897000E-02  2.4612355000E-12  3.E+00  1.E-01
             10             16              1  1.0432577000E+01  1.0000000000E+01  7.7969873000E-02  8.5719887000E-13  3.E+00  1.E-01
   142  1.4100000000E+01     2     0   0   1   0   0   0
             22             16              1  1.0527492000E+01  1.0000000000E+01  7.9821065000E-02  2.4612355000E-12  3.E+00  1.E-01
             10             16              1  1.0432577000E+01  1.0000000000E+01  7.8061814000E-02  8.5719887000E-13  3.E+00  1.E-01
   144  1.4300000000E+01     2     0   0   1   0   0   0
             22             16              1  1.0527492000E+01  1.0000000000E+01  7.9827863000E-02  2.4612355000E-12  3.E+00  1.E-01
             10             16              1  1.0432577000E+01  1.0000000000E+01  7.8149513000E-02  8.5719887000E-13  3.E+00  1.E-01
   146  1.4500000000E+01     2     0   0   1   0   0   0
             22             16              1  1.0527492000E+01  1.0000000000E+01  7.9834312000E-02  2.4612355000E-12  3.E+00  1.E-01
             10             16              1  1.0432577000E+01  1.0000000000E+01  7.8233158000E-02  8.5719887000E-13  3.E+00  1.E-01
   148  1.4700000000E+01     2     0   0   1   0   0   0
             22             16              1  1.0527492000E+01  1.0000000000E+01  7.9840431000E-02  2.4612355000E-12  3.E+00  1.E-01
             10             16              1  1.0432577000E+01  1.0000000000E+01  7.8312933000E-02  8.5719887000E-13  3.E+00  1.E-01
   150  1.4900000000E+01     2     0   0   1   0   0   0
             22             16              1  1.0527492000E+01  1.0000000000E+01  7.9846238000E-02  2.4612355000E-12  3.E+00  1.E-01
             10             16              1  1.0432577000E+01  1.0000000000E+01  7.8389011000E-02  8.5719887000E-13  3.E+00  1.E-01
   152  1.5100000000E+01     2     0   0   1   0   0   0
             22             16              1  1.0527492000E+01  1.0000000000E+01  7.9851748000E-02  2.4612355000E-12  3.E+00  1.E-01
             10             16              1  1.0432577000E+01  1.0000000000E+01  7.8461560000E-02  8.5719887000E-13  3.E+00  1.E-01
   154  1.5300000000E+01     2     0   0   1   0   0   0
             22             16              1  1.0527492000E+01  1.0000000000E+01  7.9856979000E-02  2.4612355000E-12  3.E+00  1.E-01
             10             16              1  1.0432577000E+01  1.0000000000E+01  7.8530740000E-02  8.5719887000E-13  3.E+00  1.E-01
   156  1.5500000000E+01     2     0   0   1   0   0   0
             22             16              1  1.0527492000E+01  1.0000000000E+01  7.9861944000E-02  2.4612355000E-12  3.E+00  1.E-01
             10             16              1  1.0432577000E+01  1.0000000000E+01  7.8596704000E-02  8.5719887000E-13  3.E+00  1.E-01
   158  1.5700000000E+01     2     0   0   1   0   0   0
             22             16              1  1.0527492000E+01  1.0000000000E+01  7.9866658000E-02  2.4612355000E-12  3.E+00  1.E-01
             10             16              1  1.0432577000E+01  1.0000000000E+01  7.8659600000E-02  8.5719887000E-13  3.E+00  1.E-01
   160  1.5900000000E+01     2     0   0   1   0   0   0
             22             16              1  1.0527492000E+01  1.0000000000E+01  7.9871134000E-02  2.4612355000E-12  3.E+00  1.E-01
             10             16              1  1.0432577000E+01  1.0000000000E+01  7.8719567000E-02  8.5719887000E-13  3.E+00  1.E-01
   162  1.6100000000E+01     2     0   0   1   0   0   0
             22             16              1  1.0527492000E+01  1.0000000000E+01  7.9875384000E-02  2.4612355000E-12  3.E+00  1.E-01
             10             16              1  1.0432577000E+01  1.0000000000E+01  7.8776740000E-02  8.5719887000E-13  3.E+00  1.E-01
   164  1.6300000000E+01     2     0   0   1   0   0   0
             22             16              1  1.0527492000E+01  1.0000000000E+01  7.9879421000E-02  2.4612355000E-12  3.E+00  1.E-01
             10             16              1  1.0432577000E+01  1.0000000000E+01  7.8831247000E-02  8.5719887000E-13  3.E+00  1.E-01
   166  1.6500000000E+01     2     0   0   1   0   0   0
             22             16              1  1.0527492000E+01  1.0000000000E+01  7.9883255000E-02  2.4612355000E-12  3.E+00  1.E-01
             10             16              1  1.0432577000E+01  1.0000000000E+01  7.8883211000E-02  8.5719887000E-13  3.E+00  1.E-01
   168  1.6700000000E+01     2     0   0   1   0   0   0
             22             16              1  1.0527492000E+01  1.0000000000E+01  7.9886896000E-02  2.4612355000E-12  3.E+00  1.E-01
             10             16              1  1.0432577000E+01  1.0000000000E+01  7.8932750000E-02  8.5719887000E-13  3.E+00  1.E-01
   170  1.6900000000E+01     2     0   0   1   0   0   0
             22             16              1  1.0527492000E+01  1.0000000000E+01  7.9890355000E-02  2.4612355000E-12  3.E+00  1.E-01
             10             16              1  1.0432577000E+01  1.0000000000E+01  7.8979975000E-02  8.5719887000E-13  3.E+00  1.E-01
   172  1.7100000000E+01     2     0   0   1   0   0   0
             22             16              1  1.0527492000E+01  1.0000000000E+01  7.9893642000E-02  2.4612355000E-12  3.E+00  1.E-01
             10             16              1  1.0432577000E+01  1.0000000000E+01  7.9024993000E-02  8.5719887000E-13  3.E+00  1.E-01
   174  1.7300000000E+01     2     0   0   1   0   0   0
             22             16              1  1.0527492000E+01  1.0000000000E+01  7.9896764000E-02  2.4612355000E-12  3.E+00  1.E-01
             10             16              1  1.0432577000E+01  1.0000000000E+01  7.9067907000E-02  8.5719887000E-13  3.E+00  1.E-01
   176  1.7500000000E+01     2     0   0   1   0   0   0
             22             16              1  1.0527492000E+01  1.0000000000E+01  7.9899730000E-02  2.4612355000E-12  3.E+00  1.E-01
             10             16              1  1.0432577000E+01  1.0000000000E+01  7.9108815000E-02  8.5719887000E-13  3.E+00  1.E-01
   178  1.7700000000E+01     2     0   0   1   0   0   0
             22             16              1  1.0527492000E+01  1.0000000000E+01  7.9902549000E-02  2.4612355000E-12  3.E+00  1.E-01
             10             16              1  1.0432577000E+01  1.0000000000E+01  7.9147808000E-02  8.5719887000E-13  3.E+00  1.E-01
   180  1.7900000000E+01     2     0   0   1   0   0   0
             22             16              1  1.0527492000E+01  1.0000000000E+01  7.9905228000E-02  2.4612355000E-12  3.E+00  1.E-01
             10             16              1  1.0432577000E+01  1.0000000000E+01  7.9184978000E-02  8.5719887000E-13  3.E+00  1.E-01
   182  1.8100000000E+01     2     0   0   1   0   0   0
             22             16              1  1.0527492000E+01  1.0000000000E+01  7.9907773000E-02  2.4612355000E-12  3.E+00  1.E-01
             10             16              1  1.0432577000E+01  1.0000000000E+01  7.9220407000E-02  8.5719887000E-13  3.E+00  1.E-01
   184  1.8300000000E+01     2     0   0   1   0   0   0
             22             16              1  1.0527492000E+01  1.0000000000E+01  7.9910192000E-02  2.4612355000E-12  3.E+00  1.E-01
             10             16              1  1.0432577000E+01  1.0000000000E+01  7.9254178000E-02  8.5719887000E-13  3.E+00  1.E-01
   186  1.8500000000E+01     2     0   0   1   0   0   0
             22             16              1  1.0527492000E+01  1.0000000000E+01  7.9912491000E-02  2.4612355000E-12  3.E+00  1.E-01
             10             16              1  1.0432577000E+01  1.0000000000E+01  7.9286367000E-02  8.5719887000E-13  3.E+00  1.E-01
   188  1.8700000000E+01     2     0   0   1   0   0   0
             22             16              1  1.0527492000E+01  1.0000000000E+01  7.9914677000E-02  2.4612355000E-12  3.E+00  1.E-01
             10             16              1  1.0432577000E+01  1.0000000000E+01  7.9317049000E-02  8.5719887000E-13  3.E+00  1.E-01
   190  1.8900000000E+01     2     0   0   1   0   0   0
             22             16              1  1.0527492000E+01  1.0000000000E+01  7.9916754000E-02  2.4612355000E-12  3.E+00  1.E-01
             10             16              1  1.0432577000E+01  1.0000000000E+01  7.9346293000E-02  8.5719887000E-13  3.E+00  1.E-01
   192  1.9100000000E+01     2     0   0   1   0   0   0
             22             16              1  1.0527492000E+01  1.0000000000E+01  7.9918729000E-02  2.4612355000E-12  3.E+00  1.E-01
             10             16              1  1.0432577000E+01  1.0000000000E+01  7.9374168000E-02  8.5719887000E-13  3.E+00  1.E-01
   194  1.9300000000E+01     2     0   0   1   0   0   0
             22             16              1  1.0527492000E+01  1.0000000000E+01  7.9920606000E-02  2.4612355000E-12  3.E+00  1.E-01
             10             16              1  1.0432577000E+01  1.0000000000E+01  7.9400736000E-02  8.5719887000E-13  3.E+00  1.E-01
   196  1.9500000000E+01     2     0   0   1   0   0   0
             22             16              1  1.0527492000E+01  1.0000000000E+01  7.9922391000E-02  2.4612355000E-12  3.E+00  1.E-01
             10             16              1  1.0432577000E+01  1.0000000000E+01  7.9426059000E-02  8.5719887000E-13  3.E+00  1.E-01
   198  1.9700000000E+01     2     0   0   1   0   0   0
             22             16              1  1.0527492000E+01  1.0000000000E+01  7.9924088000E-02  2.4612355000E-12  3.E+00  1.E-01
             10             16              1  1.0432577000E+01  1.0000000000E+01  7.9450196000E-02  8.5719887000E-13  3.E+00  1.E-01
   200  1.9900000000E+01     2     0   0   1   0   0   0
             22             16              1  1.0527492000E+01  1.0000000000E+01  7.9925701000E-02  2.4612355000E-12  3.E+00  1.E-01
             10             16              1  1.0432577000E+01  1.0000000000E+01  7.9473201000E-02  8.5719887000E-13  3.E+00  1.E-01
