    1 , 0.100000E+03 ,     1 , 0.2000E+08 , 0.3200E+03 , 0.0000E+00 , 0.0000E+00 , 
    2 , 0.300000E+03 ,     1 , 0.2000E+08 , 0.3200E+03 , 0.0000E+00 , 0.0000E+00 , 
    3 , 0.700000E+03 ,     1 , 0.2000E+08 , 0.3200E+03 , 0.0000E+00 , 0.0000E+00 , 
    4 , 0.150000E+04 ,     1 , 0.2000E+08 , 0.3200E+03 , 0.0000E+00 , 0.0000E+00 , 
    5 , 0.310000E+04 ,     1 , 0.2000E+08 , 0.3200E+03 , 0.0000E+00 , 0.0000E+00 , 
    6 , 0.630000E+04 ,     1 , 0.2000E+08 , 0.3200E+03 , 0.0000E+00 , 0.0000E+00 , 
    7 , 0.127000E+05 ,     1 , 0.2000E+08 , 0.3200E+03 , 0.0000E+00 , 0.0000E+00 , 
    8 , 0.255000E+05 ,     1 , 0.1999E+08 , 0.3200E+03 , 0.0000E+00 , 0.0000E+00 , 
    9 , 0.511000E+05 ,     1 , 0.1998E+08 , 0.3200E+03 , 0.0000E+00 , 0.0000E+00 , 
   10 , 0.102300E+06 ,     1 , 0.1996E+08 , 0.3200E+03 , 0.0000E+00 , 0.0000E+00 , 
   11 , 0.204700E+06 ,     1 , 0.1992E+08 , 0.3199E+03 , 0.0000E+00 , 0.0000E+00 , 
   12 , 0.409500E+06 ,     1 , 0.1984E+08 , 0.3198E+03 , 0.0000E+00 , 0.0000E+00 , 
   13 , 0.819100E+06 ,     1 , 0.1967E+08 , 0.3197E+03 , 0.0000E+00 , 0.0000E+00 , 
   14 , 0.163830E+07 ,     1 , 0.1933E+08 , 0.3193E+03 , 0.0000E+00 , 0.0000E+00 , 
   15 , 0.327670E+07 ,     1 , 0.1865E+08 , 0.3186E+03 , 0.0000E+00 , 0.0000E+00 , 
   16 , 0.655350E+07 ,     1 , 0.1730E+08 , 0.3172E+03 , 0.0000E+00 , 0.0000E+00 , 
   17 , 0.131071E+08 ,     1 , 0.1461E+08 , 0.3144E+03 , 0.0000E+00 , 0.0000E+00 , 
   18 , 0.262143E+08 ,     1 , 0.9732E+07 , 0.3090E+03 , 0.1478E-02 , 0.0000E+00 , 
   19 , 0.524287E+08 ,     1 , 0.8659E+07 , 0.3005E+03 , 0.2874E-01 , 0.0000E+00 , 
   20 , 0.104858E+09 ,     1 , 0.6762E+07 , 0.2835E+03 , 0.7376E-01 , 0.0000E+00 , 
   21 , 0.157286E+09 ,     1 , 0.5177E+07 , 0.2661E+03 , 0.1099E+00 , 0.0000E+00 , 
   22 , 0.209715E+09 ,     1 , 0.3875E+07 , 0.2485E+03 , 0.1400E+00 , 0.0000E+00 , 
   23 , 0.262144E+09 ,     1 , 0.2828E+07 , 0.2306E+03 , 0.1656E+00 , 0.0000E+00 , 
   24 , 0.314573E+09 ,     1 , 0.2005E+07 , 0.2125E+03 , 0.1879E+00 , 0.0000E+00 , 
   25 , 0.367002E+09 ,     1 , 0.1376E+07 , 0.1942E+03 , 0.2074E+00 , 0.0000E+00 , 
   26 , 0.419430E+09 ,     1 , 0.9093E+06 , 0.1758E+03 , 0.2248E+00 , 0.0000E+00 , 
   27 , 0.471859E+09 ,     1 , 0.5752E+06 , 0.1572E+03 , 0.2403E+00 , 0.0000E+00 , 
   28 , 0.524288E+09 ,     1 , 0.3460E+06 , 0.1385E+03 , 0.2542E+00 , 0.0000E+00 , 
   29 , 0.576717E+09 ,     1 , 0.1962E+06 , 0.1196E+03 , 0.2666E+00 , 0.0000E+00 , 
   30 , 0.629146E+09 ,     1 , 0.1039E+06 , 0.1007E+03 , 0.2776E+00 , 0.0000E+00 , 
   31 , 0.681574E+09 ,     1 , 0.5070E+05 , 0.8169E+02 , 0.2871E+00 , 0.0000E+00 , 
   32 , 0.700000E+09 ,     1 , 0.3855E+05 , 0.7500E+02 , 0.2901E+00 , 0.0000E+00 , 
