   2.6043166734744488E-005  0.99899999995250255     
   1.0465228326926792E-004  0.99799999990500510     
   2.3657075491551968E-004  0.99699999985750765     
   4.2251800616893476E-004  0.99599999981001019     
   6.6333336560752050E-004  0.99499999976251274     
   9.5971227691019751E-004  0.99399999971501529     
   1.3123981453889149E-003  0.99299999966751784     
   1.7222302996216803E-003  0.99199999962002039     
   2.1900240873699867E-003  0.99099999957252294     
   2.7164989331292691E-003  0.98999999952502549     
   3.3024941654775349E-003  0.98899999947752804     
   3.9488251321762756E-003  0.98799999943003058     
   4.6563551426200157E-003  0.98699999938253313     
   5.4258755637537322E-003  0.98599999933503568     
   6.2582497049719467E-003  0.98499999928753823     
   7.1543168948526676E-003  0.98399999924004078     
   8.1149884044234444E-003  0.98299999919254333     
   9.1411035622622865E-003  0.98199999914504588     
   1.0233549658580228E-002  0.98099999909754843     
   1.1393190002771794E-002  0.97999999905005097     
   1.2620935865864531E-002  0.97899999900255352     
   1.3917794442152052E-002  0.97799999895505607     
   1.5284557098579333E-002  0.97699999890755862     
   1.6722231029439982E-002  0.97599999886006117     
   1.8231751486578067E-002  0.97499999881256372     
   1.9814029741021141E-002  0.97399999876506627     
   2.1470120948695836E-002  0.97299999871756881     
   2.3200912399813194E-002  0.97199999867007136     
   2.5007435269483333E-002  0.97099999862257391     
   2.6890696751999864E-002  0.96999999857507646     
   2.8851656080023370E-002  0.96899999852757901     
   3.0891368409480483E-002  0.96799999848008156     
   3.3010864915481337E-002  0.96699999843258411     
   3.5211128811503012E-002  0.96599999838508666     
   3.7493287195921703E-002  0.96499999833758920     
   3.9858371243847522E-002  0.96399999829009175     
   4.2307460092023623E-002  0.96299999824259430     
   4.4841632877193165E-002  0.96199999819509685     
   4.7461968736099300E-002  0.96099999814759940     
   5.0169618747934720E-002  0.95999999810010195     
   5.2965710011075605E-002  0.95899999805260450     
   5.5851321662265113E-002  0.95799999800510705     
   5.8827628761512450E-002  0.95699999795760959     
   6.1895782388010315E-002  0.95599999791011214     
   6.5056909640134886E-002  0.95499999786261469     
   6.8312257520344907E-002  0.95399999781511724     
   7.1662977107833106E-002  0.95299999776761979     
   7.5110315405058206E-002  0.95199999772012234     
   7.8655471452845932E-002  0.95099999767262489     
   8.2299644292022037E-002  0.94999999762512743     
   8.6044080925045258E-002  0.94899999757762998     
   8.9890076316007358E-002  0.94799999753013253     
   9.3838853486550605E-002  0.94699999748263508     
   9.7891755362399802E-002  0.94599999743513763     
  0.10205000496519720       0.94499999738764018     
  0.10631496920148409       0.94399999734014273     
  0.11068789507371926       0.94299999729264528     
  0.11517019745007705       0.94199999724514782     
  0.11976317129464925       0.94099999719765037     
  0.12446815953316066       0.93999999715015292     
  0.12928660101460218       0.93899999710265547     
  0.13421983866469858       0.93799999705515802     
  0.13926926337080772       0.93699999700766057     
  0.14443629000110397       0.93599999696016312     
  0.14972242934702773       0.93499999691266567     
  0.15512900035348728       0.93399999686516821     
  0.16065751381192306       0.93299999681767076     
  0.16630945653295898       0.93199999677017331     
  0.17208631532721891       0.93099999672267586     
  0.17798950506287717       0.92999999667517841     
  0.18402065643545684       0.92899999662768096     
  0.19018118431313219       0.92799999658018351     
  0.19647269541060974       0.92699999653268605     
  0.20289674848096295       0.92599999648518860     
  0.20945487829644868       0.92499999643769115     
  0.21614871555258999       0.92399999639019370     
  0.22297979502164372       0.92299999634269625     
  0.22994977137994946       0.92199999629519880     
  0.23706025134221362       0.92099999624770135     
  0.24431291356559223       0.91999999620020390     
  0.25170934078397528       0.91899999615270644     
  0.25925128359696831       0.91799999610520899     
  0.26694039668091074       0.91699999605771154     
  0.27477835869295875       0.91599999601021409     
  0.28276694421353421       0.91499999596271664     
  0.29090780791897686       0.91399999591521919     
  0.29920277235134163       0.91299999586772174     
  0.30765354014860102       0.91199999582022429     
  0.31626188589117726       0.91099999577272683     
  0.32502963212112534       0.90999999572522938     
  0.33395857739968388       0.90899999567773193     
  0.34305056824972446       0.90799999563023448     
  0.35230737925166916       0.90699999558273703     
  0.36173097683247224       0.90599999553523958     
  0.37132306363010614       0.90499999548774213     
  0.38108563005234164       0.90399999544024467     
  0.39102054660286689       0.90299999539274722     
  0.40112970776618639       0.90199999534524977     
  0.41141512793088747       0.90099999529775232     
  0.42187862963902523       0.89999999525025487     
  0.43252222727918688       0.89899999520275742     
  0.44334788727832652       0.89799999515525997     
  0.45435760004421499       0.89699999510776252     
  0.46555337996543944       0.89599999506026506     
  0.47693724143058708       0.89499999501276761     
  0.48851115086661218       0.89399999496527016     
  0.50027726654700089       0.89299999491777271     
  0.51223762684115703       0.89199999487027526     
  0.52439422215685139       0.89099999482277781     
  0.53674921076757021       0.88999999477528036     
  0.54930467900435009       0.88899999472778291     
  0.56206276115986109       0.88799999468028545     
  0.57502554356513980       0.88699999463278800     
  0.58819532837857158       0.88599999458529055     
  0.60157412998874371       0.88499999453779310     
  0.61516410666914267       0.88399999449029565     
  0.62896756057815351       0.88299999444279820     
  0.64298664998926280       0.88199999439530075     
  0.65722358113758983       0.88099999434780329     
  0.67168060821988684       0.87999999430030584     
  0.68635998543290633       0.87899999425280839     
  0.70126396697340065       0.87799999420531094     
  0.71639483101893853       0.87699999415781349     
  0.73175480778545599       0.87599999411031604     
  0.74734622341215484       0.87499999406281859     
  0.76317145199987002       0.87399999401532114     
  0.77923279570698700       0.87299999396782368     
  0.79553253271107449       0.87199999392032623     
  0.81207310905541708       0.87099999387282878     
  0.82885675495595079       0.86999999382533133     
  0.84588594043677634       0.86899999377783388     
  0.86316308756036186       0.86799999373033643     
  0.88069047450427607       0.86699999368283898     
  0.89847059527343665       0.86599999363534153     
  0.91650584794949486       0.86499999358784407     
  0.93479863061410229       0.86399999354034662     
  0.95335143727217653       0.86299999349284917     
  0.97216666600536872       0.86199999344535172     
  0.99124685878022978       0.86099999339785427     
   1.0105942937743284       0.85999999335035682     
   1.0302116808199306       0.85899999330285937     
   1.0501013940178714       0.85799999325536191     
   1.0702659033922521       0.85699999320786446     
   1.0907077269288064       0.85599999316036701     
   1.1114293586324515       0.85499999311286956     
   1.1324334363930044       0.85399999306537211     
   1.1537222863496674       0.85299999301787466     
   1.1752985703730729       0.85199999297037721     
   1.1971647824681386       0.85099999292287976     
   1.2193234406205986       0.84999999287538230     
   1.2417771347586368       0.84899999282788485     
   1.2645283828679867       0.84799999278038740     
   1.2875797508960154       0.84699999273288995     
   1.3109338287709067       0.84599999268539250     
   1.3345931104975781       0.84499999263789505     
   1.3585601380425798       0.84399999259039760     
   1.3828375732765454       0.84299999254290015     
   1.4074279341852087       0.84199999249540269     
   1.4323336907926703       0.84099999244790524     
   1.4575575769120137       0.83999999240040779     
   1.4831020385865226       0.83899999235291034     
   1.5089697376868305       0.83799999230541289     
   1.5351630722945888       0.83699999225791544     
   1.5616847762228800       0.83599999221041799     
   1.5885372955149888       0.83499999216292053     
   1.6157231961182821       0.83399999211542308     
   1.6432450679609436       0.83299999206792563     
   1.6711054050478908       0.83199999202042818     
   1.6993067493456739       0.83099999197293073     
   1.7278516428208439       0.82999999192543328     
   1.7567426034591345       0.82899999187793583     
   1.7859821732270964       0.82799999183043838     
   1.8155727741871974       0.82699999178294092     
   1.8455169722868048       0.82599999173544347     
   1.8758172135692031       0.82499999168794602     
   1.9064759680584926       0.82399999164044857     
   1.9374956578171423       0.82299999159295112     
   1.9688787768500691       0.82199999154545367     
   2.0006277472197409       0.82099999149795622     
   2.0327448950653602       0.81999999145045877     
   2.0652327623534767       0.81899999140296131     
   2.0980935793000270       0.81799999135546386     
   2.1313297679674785       0.81699999130796641     
   2.1649436544950333       0.81599999126046896     
   2.1989375890027101       0.81499999121297151     
   2.2333137777256278       0.81399999116547406     
   2.2680745707838050       0.81299999111797661     
   2.3032221504315444       0.81199999107047915     
   2.3387587708655992       0.81099999102298170     
   2.3746865903594543       0.80999999097548425     
   2.4110078151482295       0.80899999092798680     
   2.4477245795245959       0.80799999088048935     
   2.4848389218579552       0.80699999083299190     
   2.5223529044985291       0.80599999078549445     
   2.5602687097006198       0.80499999073799700     
   2.5985881600062823       0.80399999069049954     
   2.6373132698041042       0.80299999064300209     
   2.6764460534826724       0.80199999059550464     
   2.7159882856224091       0.80099999054800719     
   2.7559418846886357       0.79999999050050974     
   2.7963086252617746       0.79899999045301229     
   2.8370902819222468       0.79799999040551484     
   2.8782885573080250       0.79699999035801739     
   2.9199051300762657       0.79599999031051993     
   2.9619416069416755       0.79499999026302248     
   3.0043995706381446       0.79399999021552503     
   3.0472805319571123       0.79299999016802758     
   3.0905860016900197       0.79199999012053013     
   3.1343173707242244       0.79099999007303268     
   3.1784759340238189       0.78999999002553523     
   3.2230631064569764       0.78899998997803777     
   3.2680799911412577       0.78799998993054032     
   3.3135279070215704       0.78699998988304287     
   3.3594078852730251       0.78599998983554542     
   3.4057209570707312       0.78499998978804797     
   3.4524681775706161       0.78399998974055052     
   3.4996503861012567       0.78299998969305307     
   3.5472684939336818       0.78199998964555562     
   3.5953232684540199       0.78099998959805816     
   3.6438153331634990       0.77999998955056071     
   3.6927454074866164       0.77899998950306326     
   3.7421139710397004       0.77799998945556581     
   3.7919214314966334       0.77699998940806836     
   3.8421683164353779       0.77599998936057091     
   3.8928548656640989       0.77499998931307346     
   3.9439812470485132       0.77399998926557600     
   3.9955475804927016       0.77299998921807855     
   4.0475539619199310       0.77199998917058110     
   4.1000003193877523       0.77099998912308365     
   4.1528864610496328       0.76999998907558620     
   4.2062121950590408       0.76899998902808875     
   4.2599771377229114       0.76799998898059130     
   4.3141808813673643       0.76699998893309385     
   4.3688228504528031       0.76599998888559639     
   4.4239023495355498       0.76499998883809894     
   4.4794186831719234       0.76399998879060149     
   4.5353710360141637       0.76299998874310404     
   4.5917583049447117       0.76199998869560659     
   4.6485795067500888       0.76099998864810914     
   4.7058333224853888       0.75999998860061169     
   4.7635185531097832       0.75899998855311424     
   4.8216337118126500       0.75799998850561678     
   4.8801772158600984       0.75699998845811933     
   4.9391474345566060       0.75599998841062188     
   4.9985424973984847       0.75499998836312443     
   5.0583604859204128       0.75399998831562698     
   5.1185993857338037       0.75299998826812953     
   5.1792569426419046       0.75199998822063208     
   5.2403309024479627       0.75099998817313462     
   5.2403309024479627       0.74999998812563717     
   5.2403309024479627       0.74899998807813972     
   5.2403309024479627       0.74799998803064227     
   5.2403309024479627       0.74699998798314482     
   5.2403309024479627       0.74599998793564737     
   5.2403309024479627       0.74499998788814992     
   5.2403309024479627       0.74399998784065247     
   5.2403309024479627       0.74299998779315501     
   5.2403309024479627       0.74199998774565756     
   5.2403309024479627       0.74099998769816011     
   5.2403309024479627       0.73999998765066266     
   5.2403309024479627       0.73899998760316521     
   5.2403309024479627       0.73799998755566776     
   5.2403309024479627       0.73699998750817031     
   5.2403309024479627       0.73599998746067286     
   5.2403309024479627       0.73499998741317540     
   5.2403309024479627       0.73399998736567795     
   5.2403309024479627       0.73299998731818050     
   5.2403309024479627       0.73199998727068305     
   5.2403309024479627       0.73099998722318560     
   5.2403309024479627       0.72999998717568815     
   5.2403309024479627       0.72899998712819070     
   5.2403309024479627       0.72799998708069324     
   5.2403309024479627       0.72699998703319579     
   5.2403309024479627       0.72599998698569834     
   5.2403309024479627       0.72499998693820089     
   5.2403309024479627       0.72399998689070344     
   5.2403309024479627       0.72299998684320599     
   5.2403309024479627       0.72199998679570854     
   5.2403309024479627       0.72099998674821109     
   5.2403309024479627       0.71999998670071363     
   5.2403309024479627       0.71899998665321618     
   5.2403309024479627       0.71799998660571873     
   5.2403309024479627       0.71699998655822128     
   5.2403309024479627       0.71599998651072383     
   5.2403309024479627       0.71499998646322638     
   5.2403309024479627       0.71399998641572893     
   5.2403309024479627       0.71299998636823148     
   5.2403309024479627       0.71199998632073402     
   5.2403309024479627       0.71099998627323657     
   5.2403309024479627       0.70999998622573912     
   5.2403309024479627       0.70899998617824167     
   5.2403309024479627       0.70799998613074422     
   5.2403309024479627       0.70699998608324677     
   5.2403309024479627       0.70599998603574932     
   5.2403309024479627       0.70499998598825186     
   5.2403309024479627       0.70399998594075441     
   5.2403309024479627       0.70299998589325696     
   5.2403309024479627       0.70199998584575951     
   5.2403309024479627       0.70099998579826206     
   5.2403309024479627       0.69999998575076461     
   5.2403309024479627       0.69899998570326716     
   5.2403309024479627       0.69799998565576971     
   5.2403309024479627       0.69699998560827225     
   5.2403309024479627       0.69599998556077480     
   5.2403309024479627       0.69499998551327735     
   5.2403309024479627       0.69399998546577990     
   5.2403309024479627       0.69299998541828245     
   5.2403309024479627       0.69199998537078500     
   5.2403309024479627       0.69099998532328755     
   5.2403309024479627       0.68999998527579010     
   5.2403309024479627       0.68899998522829264     
   5.2403309024479627       0.68799998518079519     
   5.2403309024479627       0.68699998513329774     
   5.2403309024479627       0.68599998508580029     
   5.2403309024479627       0.68499998503830284     
   5.2403309024479627       0.68399998499080539     
   5.2403309024479627       0.68299998494330794     
   5.2403309024479627       0.68199998489581048     
   5.2403309024479627       0.68099998484831303     
   5.2403309024479627       0.67999998480081558     
   5.2403309024479627       0.67899998475331813     
   5.2403309024479627       0.67799998470582068     
   5.2403309024479627       0.67699998465832323     
   5.2403309024479627       0.67599998461082578     
   5.2403309024479627       0.67499998456332833     
   5.2403309024479627       0.67399998451583087     
   5.2403309024479627       0.67299998446833342     
   5.2403309024479627       0.67199998442083597     
   5.2403309024479627       0.67099998437333852     
   5.2403309024479627       0.66999998432584107     
   5.2403309024479627       0.66899998427834362     
   5.2403309024479627       0.66799998423084617     
   5.2403309024479627       0.66699998418334872     
   5.2403309024479627       0.66599998413585126     
   5.2403309024479627       0.66499998408835381     
   5.2403309024479627       0.66399998404085636     
   5.2403309024479627       0.66299998399335891     
   5.2403309024479627       0.66199998394586146     
   5.2403309024479627       0.66099998389836401     
   5.2403309024479627       0.65999998385086656     
   5.2403309024479627       0.65899998380336910     
   5.2403309024479627       0.65799998375587165     
   5.2403309024479627       0.65699998370837420     
   5.2403309024479627       0.65599998366087675     
   5.2403309024479627       0.65499998361337930     
   5.2403309024479627       0.65399998356588185     
   5.2403309024479627       0.65299998351838440     
   5.2403309024479627       0.65199998347088695     
   5.2403309024479627       0.65099998342338949     
   5.2403309024479627       0.64999998337589204     
   5.2403309024479627       0.64899998332839459     
   5.2403309024479627       0.64799998328089714     
   5.2403309024479627       0.64699998323339969     
   5.2403309024479627       0.64599998318590224     
   5.2403309024479627       0.64499998313840479     
   5.2403309024479627       0.64399998309090734     
   5.2403309024479627       0.64299998304340988     
   5.2403309024479627       0.64199998299591243     
   5.2403309024479627       0.64099998294841498     
   5.2403309024479627       0.63999998290091753     
   5.2403309024479627       0.63899998285342008     
   5.2403309024479627       0.63799998280592263     
   5.2403309024479627       0.63699998275842518     
   5.2403309024479627       0.63599998271092772     
   5.2403309024479627       0.63499998266343027     
   5.2403309024479627       0.63399998261593282     
   5.2403309024479627       0.63299998256843537     
   5.2403309024479627       0.63199998252093792     
   5.2403309024479627       0.63099998247344047     
   5.2403309024479627       0.62999998242594302     
   5.2403309024479627       0.62899998237844557     
   5.2403309024479627       0.62799998233094811     
   5.2403309024479627       0.62699998228345066     
   5.2403309024479627       0.62599998223595321     
   5.2403309024479627       0.62499998218845576     
   5.2403309024479627       0.62399998214095831     
   5.2403309024479627       0.62299998209346086     
   5.2403309024479627       0.62199998204596341     
   5.2403309024479627       0.62099998199846596     
   5.2403309024479627       0.61999998195096850     
   5.2403309024479627       0.61899998190347105     
   5.2403309024479627       0.61799998185597360     
   5.2403309024479627       0.61699998180847615     
   5.2403309024479627       0.61599998176097870     
   5.2403309024479627       0.61499998171348125     
   5.2403309024479627       0.61399998166598380     
   5.2403309024479627       0.61299998161848634     
   5.2403309024479627       0.61199998157098889     
   5.2403309024479627       0.61099998152349144     
   5.2403309024479627       0.60999998147599399     
   5.2403309024479627       0.60899998142849654     
   5.2403309024479627       0.60799998138099909     
   5.2403309024479627       0.60699998133350164     
   5.2403309024479627       0.60599998128600419     
   5.2403309024479627       0.60499998123850673     
   5.2403309024479627       0.60399998119100928     
   5.2403309024479627       0.60299998114351183     
   5.2403309024479627       0.60199998109601438     
   5.2403309024479627       0.60099998104851693     
   5.2403309024479627       0.59999998100101948     
   5.2403309024479627       0.59899998095352203     
   5.2403309024479627       0.59799998090602458     
   5.2403309024479627       0.59699998085852712     
   5.2403309024479627       0.59599998081102967     
   5.2403309024479627       0.59499998076353222     
   5.2403309024479627       0.59399998071603477     
   5.2403309024479627       0.59299998066853732     
   5.2403309024479627       0.59199998062103987     
   5.2403309024479627       0.59099998057354242     
   5.2403309024479627       0.58999998052604496     
   5.2403309024479627       0.58899998047854751     
   5.2403309024479627       0.58799998043105006     
   5.2403309024479627       0.58699998038355261     
   5.2403309024479627       0.58599998033605516     
   5.2403309024479627       0.58499998028855771     
   5.2403309024479627       0.58399998024106026     
   5.2403309024479627       0.58299998019356281     
   5.2403309024479627       0.58199998014606535     
   5.2403309024479627       0.58099998009856790     
   5.2403309024479627       0.57999998005107045     
   5.2403309024479627       0.57899998000357300     
   5.2403309024479627       0.57799997995607555     
   5.2403309024479627       0.57699997990857810     
   5.2403309024479627       0.57599997986108065     
   5.2403309024479627       0.57499997981358320     
   5.2403309024479627       0.57399997976608574     
   5.2403309024479627       0.57299997971858829     
   5.2403309024479627       0.57199997967109084     
   5.2403309024479627       0.57099997962359339     
   5.2403309024479627       0.56999997957609594     
   5.2403309024479627       0.56899997952859849     
   5.2403309024479627       0.56799997948110104     
   5.2403309024479627       0.56699997943360358     
   5.2403309024479627       0.56599997938610613     
   5.2403309024479627       0.56499997933860868     
   5.2403309024479627       0.56399997929111123     
   5.2403309024479627       0.56299997924361378     
   5.2403309024479627       0.56199997919611633     
   5.2403309024479627       0.56099997914861888     
   5.2403309024479627       0.55999997910112143     
   5.2403309024479627       0.55899997905362397     
   5.2403309024479627       0.55799997900612652     
   5.2403309024479627       0.55699997895862907     
   5.2403309024479627       0.55599997891113162     
   5.2403309024479627       0.55499997886363417     
   5.2403309024479627       0.55399997881613672     
   5.2403309024479627       0.55299997876863927     
   5.2403309024479627       0.55199997872114182     
   5.2403309024479627       0.55099997867364436     
   5.2403309024479627       0.54999997862614691     
   5.2403309024479627       0.54899997857864946     
   5.2403309024479627       0.54799997853115201     
   5.2403309024479627       0.54699997848365456     
   5.2403309024479627       0.54599997843615711     
   5.2403309024479627       0.54499997838865966     
   5.2403309024479627       0.54399997834116220     
   5.2403309024479627       0.54299997829366475     
   5.2403309024479627       0.54199997824616730     
   5.2403309024479627       0.54099997819866985     
   5.2403309024479627       0.53999997815117240     
   5.2403309024479627       0.53899997810367495     
   5.2403309024479627       0.53799997805617750     
   5.2403309024479627       0.53699997800868005     
   5.2403309024479627       0.53599997796118259     
   5.2403309024479627       0.53499997791368514     
   5.2403309024479627       0.53399997786618769     
   5.2403309024479627       0.53299997781869024     
   5.2403309024479627       0.53199997777119279     
   5.2403309024479627       0.53099997772369534     
   5.2403309024479627       0.52999997767619789     
   5.2403309024479627       0.52899997762870044     
   5.2403309024479627       0.52799997758120298     
   5.2403309024479627       0.52699997753370553     
   5.2403309024479627       0.52599997748620808     
   5.2403309024479627       0.52499997743871063     
   5.2403309024479627       0.52399997739121318     
   5.2403309024479627       0.52299997734371573     
   5.2403309024479627       0.52199997729621828     
   5.2403309024479627       0.52099997724872082     
   5.2403309024479627       0.51999997720122337     
   5.2403309024479627       0.51899997715372592     
   5.2403309024479627       0.51799997710622847     
   5.2403309024479627       0.51699997705873102     
   5.2403309024479627       0.51599997701123357     
   5.2403309024479627       0.51499997696373612     
   5.2403309024479627       0.51399997691623867     
   5.2403309024479627       0.51299997686874121     
   5.2403309024479627       0.51199997682124376     
   5.2403309024479627       0.51099997677374631     
   5.2403309024479627       0.50999997672624886     
   5.2403309024479627       0.50899997667875141     
   5.2403309024479627       0.50799997663125396     
   5.2403309024479627       0.50699997658375651     
   5.2403309024479627       0.50599997653625906     
   5.2403309024479627       0.50499997648876160     
   5.2403309024479627       0.50399997644126415     
   5.2403309024479627       0.50299997639376670     
   5.2403309024479627       0.50199997634626925     
   5.2403309024479627       0.50099997629877180     
   5.2403309024479627       0.49999997625127435     
   5.2403309024479627       0.49899997620377690     
   5.2403309024479627       0.49799997615627944     
   5.2403309024479627       0.49699997610878199     
   5.2403309024479627       0.49599997606128454     
   5.2403309024479627       0.49499997601378709     
   5.2403309024479627       0.49399997596628964     
   5.2403309024479627       0.49299997591879219     
   5.2403309024479627       0.49199997587129474     
   5.2403309024479627       0.49099997582379729     
   5.2403309024479627       0.48999997577629983     
   5.2403309024479627       0.48899997572880238     
   5.2403309024479627       0.48799997568130493     
   5.2403309024479627       0.48699997563380748     
   5.2403309024479627       0.48599997558631003     
   5.2403309024479627       0.48499997553881258     
   5.2403309024479627       0.48399997549131513     
   5.2403309024479627       0.48299997544381768     
   5.2403309024479627       0.48199997539632022     
   5.2403309024479627       0.48099997534882277     
   5.2403309024479627       0.47999997530132532     
   5.2403309024479627       0.47899997525382787     
   5.2403309024479627       0.47799997520633042     
   5.2403309024479627       0.47699997515883297     
   5.2403309024479627       0.47599997511133552     
   5.2403309024479627       0.47499997506383806     
   5.2403309024479627       0.47399997501634061     
   5.2403309024479627       0.47299997496884316     
   5.2403309024479627       0.47199997492134571     
   5.2403309024479627       0.47099997487384826     
   5.2403309024479627       0.46999997482635081     
   5.2403309024479627       0.46899997477885336     
   5.2403309024479627       0.46799997473135591     
   5.2403309024479627       0.46699997468385845     
   5.2403309024479627       0.46599997463636100     
   5.2403309024479627       0.46499997458886355     
   5.2403309024479627       0.46399997454136610     
   5.2403309024479627       0.46299997449386865     
   5.2403309024479627       0.46199997444637120     
   5.2403309024479627       0.46099997439887375     
   5.2403309024479627       0.45999997435137630     
   5.2403309024479627       0.45899997430387884     
   5.2403309024479627       0.45799997425638139     
   5.2403309024479627       0.45699997420888394     
   5.2403309024479627       0.45599997416138649     
   5.2403309024479627       0.45499997411388904     
   5.2403309024479627       0.45399997406639159     
   5.2403309024479627       0.45299997401889414     
   5.2403309024479627       0.45199997397139668     
   5.2403309024479627       0.45099997392389923     
   5.2403309024479627       0.44999997387640178     
   5.2403309024479627       0.44899997382890433     
   5.2403309024479627       0.44799997378140688     
   5.2403309024479627       0.44699997373390943     
   5.2403309024479627       0.44599997368641198     
   5.2403309024479627       0.44499997363891453     
   5.2403309024479627       0.44399997359141707     
   5.2403309024479627       0.44299997354391962     
   5.2403309024479627       0.44199997349642217     
   5.2403309024479627       0.44099997344892472     
   5.2403309024479627       0.43999997340142727     
   5.2403309024479627       0.43899997335392982     
   5.2403309024479627       0.43799997330643237     
   5.2403309024479627       0.43699997325893492     
   5.2403309024479627       0.43599997321143746     
   5.2403309024479627       0.43499997316394001     
   5.2403309024479627       0.43399997311644256     
   5.2403309024479627       0.43299997306894511     
   5.2403309024479627       0.43199997302144766     
   5.2403309024479627       0.43099997297395021     
   5.2403309024479627       0.42999997292645276     
   5.2403309024479627       0.42899997287895530     
   5.2403309024479627       0.42799997283145785     
   5.2403309024479627       0.42699997278396040     
   5.2403309024479627       0.42599997273646295     
   5.2403309024479627       0.42499997268896550     
   5.2403309024479627       0.42399997264146805     
   5.2403309024479627       0.42299997259397060     
   5.2403309024479627       0.42199997254647315     
   5.2403309024479627       0.42099997249897569     
   5.2403309024479627       0.41999997245147824     
   5.2403309024479627       0.41899997240398079     
   5.2403309024479627       0.41799997235648334     
   5.2403309024479627       0.41699997230898589     
   5.2403309024479627       0.41599997226148844     
   5.2403309024479627       0.41499997221399099     
   5.2403309024479627       0.41399997216649354     
   5.2403309024479627       0.41299997211899608     
   5.2403309024479627       0.41199997207149863     
   5.2403309024479627       0.41099997202400118     
   5.2403309024479627       0.40999997197650373     
   5.2403309024479627       0.40899997192900628     
   5.2403309024479627       0.40799997188150883     
   5.2403309024479627       0.40699997183401138     
   5.2403309024479627       0.40599997178651392     
   5.2403309024479627       0.40499997173901647     
   5.2403309024479627       0.40399997169151902     
   5.2403309024479627       0.40299997164402157     
   5.2403309024479627       0.40199997159652412     
   5.2403309024479627       0.40099997154902667     
   5.2403309024479627       0.39999997150152922     
   5.2403309024479627       0.39899997145403177     
   5.2403309024479627       0.39799997140653431     
   5.2403309024479627       0.39699997135903686     
   5.2403309024479627       0.39599997131153941     
   5.2403309024479627       0.39499997126404196     
   5.2403309024479627       0.39399997121654451     
   5.2403309024479627       0.39299997116904706     
   5.2403309024479627       0.39199997112154961     
   5.2403309024479627       0.39099997107405216     
   5.2403309024479627       0.38999997102655470     
   5.2403309024479627       0.38899997097905725     
   5.2403309024479627       0.38799997093155980     
   5.2403309024479627       0.38699997088406235     
   5.2403309024479627       0.38599997083656490     
   5.2403309024479627       0.38499997078906745     
   5.2403309024479627       0.38399997074157000     
   5.2403309024479627       0.38299997069407254     
   5.2403309024479627       0.38199997064657509     
   5.2403309024479627       0.38099997059907764     
   5.2403309024479627       0.37999997055158019     
   5.2403309024479627       0.37899997050408274     
   5.2403309024479627       0.37799997045658529     
   5.2403309024479627       0.37699997040908784     
   5.2403309024479627       0.37599997036159039     
   5.2403309024479627       0.37499997031409293     
   5.2403309024479627       0.37399997026659548     
   5.2403309024479627       0.37299997021909803     
   5.2403309024479627       0.37199997017160058     
   5.2403309024479627       0.37099997012410313     
   5.2403309024479627       0.36999997007660568     
   5.2403309024479627       0.36899997002910823     
   5.2403309024479627       0.36799996998161077     
   5.2403309024479627       0.36699996993411332     
   5.2403309024479627       0.36599996988661587     
   5.2403309024479627       0.36499996983911842     
   5.2403309024479627       0.36399996979162097     
   5.2403309024479627       0.36299996974412352     
   5.2403309024479627       0.36199996969662607     
   5.2403309024479627       0.36099996964912862     
   5.2403309024479627       0.35999996960163116     
   5.2403309024479627       0.35899996955413371     
   5.2403309024479627       0.35799996950663626     
   5.2403309024479627       0.35699996945913881     
   5.2403309024479627       0.35599996941164136     
   5.2403309024479627       0.35499996936414391     
   5.2403309024479627       0.35399996931664646     
   5.2403309024479627       0.35299996926914901     
   5.2403309024479627       0.35199996922165155     
   5.2403309024479627       0.35099996917415410     
   5.2403309024479627       0.34999996912665665     
   5.2403309024479627       0.34899996907915920     
   5.2403309024479627       0.34799996903166175     
   5.2403309024479627       0.34699996898416430     
   5.2403309024479627       0.34599996893666685     
   5.2403309024479627       0.34499996888916939     
   5.2403309024479627       0.34399996884167194     
   5.2403309024479627       0.34299996879417449     
   5.2403309024479627       0.34199996874667704     
   5.2403309024479627       0.34099996869917959     
   5.2403309024479627       0.33999996865168214     
   5.2403309024479627       0.33899996860418469     
   5.2403309024479627       0.33799996855668724     
   5.2403309024479627       0.33699996850918978     
   5.2403309024479627       0.33599996846169233     
   5.2403309024479627       0.33499996841419488     
   5.2403309024479627       0.33399996836669743     
   5.2403309024479627       0.33299996831919998     
   5.2403309024479627       0.33199996827170253     
   5.2403309024479627       0.33099996822420508     
   5.2403309024479627       0.32999996817670763     
   5.2403309024479627       0.32899996812921017     
   5.2403309024479627       0.32799996808171272     
   5.2403309024479627       0.32699996803421527     
   5.2403309024479627       0.32599996798671782     
   5.2403309024479627       0.32499996793922037     
   5.2403309024479627       0.32399996789172292     
   5.2403309024479627       0.32299996784422547     
   5.2403309024479627       0.32199996779672801     
   5.2403309024479627       0.32099996774923056     
   5.2403309024479627       0.31999996770173311     
   5.2403309024479627       0.31899996765423566     
   5.2403309024479627       0.31799996760673821     
   5.2403309024479627       0.31699996755924076     
   5.2403309024479627       0.31599996751174331     
   5.2403309024479627       0.31499996746424586     
   5.2403309024479627       0.31399996741674840     
   5.2403309024479627       0.31299996736925095     
   5.2403309024479627       0.31199996732175350     
   5.2403309024479627       0.31099996727425605     
   5.2403309024479627       0.30999996722675860     
   5.2403309024479627       0.30899996717926115     
   5.2403309024479627       0.30799996713176370     
   5.2403309024479627       0.30699996708426625     
   5.2403309024479627       0.30599996703676879     
   5.2403309024479627       0.30499996698927134     
   5.2403309024479627       0.30399996694177389     
   5.2403309024479627       0.30299996689427644     
   5.2403309024479627       0.30199996684677899     
   5.2403309024479627       0.30099996679928154     
   5.2403309024479627       0.29999996675178409     
   5.2403309024479627       0.29899996670428663     
   5.2403309024479627       0.29799996665678918     
   5.2403309024479627       0.29699996660929173     
   5.2403309024479627       0.29599996656179428     
   5.2403309024479627       0.29499996651429683     
   5.2403309024479627       0.29399996646679938     
   5.2403309024479627       0.29299996641930193     
   5.2403309024479627       0.29199996637180448     
   5.2403309024479627       0.29099996632430702     
   5.2403309024479627       0.28999996627680957     
   5.2403309024479627       0.28899996622931212     
   5.2403309024479627       0.28799996618181467     
   5.2403309024479627       0.28699996613431722     
   5.2403309024479627       0.28599996608681977     
   5.2403309024479627       0.28499996603932232     
   5.2403309024479627       0.28399996599182487     
   5.2403309024479627       0.28299996594432741     
   5.2403309024479627       0.28199996589682996     
   5.2403309024479627       0.28099996584933251     
   5.2403309024479627       0.27999996580183506     
   5.2403309024479627       0.27899996575433761     
   5.2403309024479627       0.27799996570684016     
   5.2403309024479627       0.27699996565934271     
   5.2403309024479627       0.27599996561184525     
   5.2403309024479627       0.27499996556434780     
   5.2403309024479627       0.27399996551685035     
   5.2403309024479627       0.27299996546935290     
   5.2403309024479627       0.27199996542185545     
   5.2403309024479627       0.27099996537435800     
   5.2403309024479627       0.26999996532686055     
   5.2403309024479627       0.26899996527936310     
   5.2403309024479627       0.26799996523186564     
   5.2403309024479627       0.26699996518436819     
   5.2403309024479627       0.26599996513687074     
   5.2403309024479627       0.26499996508937329     
   5.2403309024479627       0.26399996504187584     
   5.2403309024479627       0.26299996499437839     
   5.2403309024479627       0.26199996494688094     
   5.2403309024479627       0.26099996489938349     
   5.2403309024479627       0.25999996485188603     
   5.2403309024479627       0.25899996480438858     
   5.2403309024479627       0.25799996475689113     
   5.2403309024479627       0.25699996470939368     
   5.2403309024479627       0.25599996466189623     
   5.2403309024479627       0.25499996461439878     
   5.2403309024479627       0.25399996456690133     
   5.2403309024479627       0.25299996451940387     
   5.2403309024479627       0.25199996447190642     
   5.2403309024479627       0.25099996442440897     
   5.2403309024479627       0.24999996437691152     
   5.2403309024479627       0.24899996432941407     
   5.2403309024479627       0.24799996428191662     
   5.2403309024479627       0.24699996423441917     
   5.2403309024479627       0.24599996418692172     
   5.2403309024479627       0.24499996413942426     
   5.2403309024479627       0.24399996409192681     
   5.2403309024479627       0.24299996404442936     
   5.2403309024479627       0.24199996399693191     
   5.2403309024479627       0.24099996394943446     
   5.2403309024479627       0.23999996390193701     
   5.2403309024479627       0.23899996385443956     
   5.2403309024479627       0.23799996380694211     
   5.2403309024479627       0.23699996375944465     
   5.2403309024479627       0.23599996371194720     
   5.2403309024479627       0.23499996366444975     
   5.2403309024479627       0.23399996361695230     
   5.2403309024479627       0.23299996356945485     
   5.2403309024479627       0.23199996352195740     
   5.2403309024479627       0.23099996347445995     
   5.2403309024479627       0.22999996342696249     
   5.2403309024479627       0.22899996337946504     
   5.2403309024479627       0.22799996333196759     
   5.2403309024479627       0.22699996328447014     
   5.2403309024479627       0.22599996323697269     
   5.2403309024479627       0.22499996318947524     
   5.2403309024479627       0.22399996314197779     
   5.2403309024479627       0.22299996309448034     
   5.2403309024479627       0.22199996304698288     
   5.2403309024479627       0.22099996299948543     
   5.2403309024479627       0.21999996295198798     
   5.2403309024479627       0.21899996290449053     
   5.2403309024479627       0.21799996285699308     
   5.2403309024479627       0.21699996280949563     
   5.2403309024479627       0.21599996276199818     
   5.2403309024479627       0.21499996271450073     
   5.2403309024479627       0.21399996266700327     
   5.2403309024479627       0.21299996261950582     
   5.2403309024479627       0.21199996257200837     
   5.2403309024479627       0.21099996252451092     
   5.2403309024479627       0.20999996247701347     
   5.2403309024479627       0.20899996242951602     
   5.2403309024479627       0.20799996238201857     
   5.2403309024479627       0.20699996233452111     
   5.2403309024479627       0.20599996228702366     
   5.2403309024479627       0.20499996223952621     
   5.2403309024479627       0.20399996219202876     
   5.2403309024479627       0.20299996214453131     
   5.2403309024479627       0.20199996209703386     
   5.2403309024479627       0.20099996204953641     
   5.2403309024479627       0.19999996200203896     
   5.2403309024479627       0.19899996195454150     
   5.2403309024479627       0.19799996190704405     
   5.2403309024479627       0.19699996185954660     
   5.2403309024479627       0.19599996181204915     
   5.2403309024479627       0.19499996176455170     
   5.2403309024479627       0.19399996171705425     
   5.2403309024479627       0.19299996166955680     
   5.2403309024479627       0.19199996162205935     
   5.2403309024479627       0.19099996157456189     
   5.2403309024479627       0.18999996152706444     
   5.2403309024479627       0.18899996147956699     
   5.2403309024479627       0.18799996143206954     
   5.2403309024479627       0.18699996138457209     
   5.2403309024479627       0.18599996133707464     
   5.2403309024479627       0.18499996128957719     
   5.2403309024479627       0.18399996124207973     
   5.2403309024479627       0.18299996119458228     
   5.2403309024479627       0.18199996114708483     
   5.2403309024479627       0.18099996109958738     
   5.2403309024479627       0.17999996105208993     
   5.2403309024479627       0.17899996100459248     
   5.2403309024479627       0.17799996095709503     
   5.2403309024479627       0.17699996090959758     
   5.2403309024479627       0.17599996086210012     
   5.2403309024479627       0.17499996081460267     
   5.2403309024479627       0.17399996076710522     
   5.2403309024479627       0.17299996071960777     
   5.2403309024479627       0.17199996067211032     
   5.2403309024479627       0.17099996062461287     
   5.2403309024479627       0.16999996057711542     
   5.2403309024479627       0.16899996052961797     
   5.2403309024479627       0.16799996048212051     
   5.2403309024479627       0.16699996043462306     
   5.2403309024479627       0.16599996038712561     
   5.2403309024479627       0.16499996033962816     
   5.2403309024479627       0.16399996029213071     
   5.2403309024479627       0.16299996024463326     
   5.2403309024479627       0.16199996019713581     
   5.2403309024479627       0.16099996014963835     
   5.2403309024479627       0.15999996010214090     
   5.2403309024479627       0.15899996005464345     
   5.2403309024479627       0.15799996000714600     
   5.2403309024479627       0.15699995995964855     
   5.2403309024479627       0.15599995991215110     
   5.2403309024479627       0.15499995986465365     
   5.2403309024479627       0.15399995981715620     
   5.2403309024479627       0.15299995976965874     
   5.2403309024479627       0.15199995972216129     
   5.2403309024479627       0.15099995967466384     
   5.2403309024479627       0.14999995962716639     
   5.2403309024479627       0.14899995957966894     
   5.2403309024479627       0.14799995953217149     
   5.2403309024479627       0.14699995948467404     
   5.2403309024479627       0.14599995943717659     
   5.2403309024479627       0.14499995938967913     
   5.2403309024479627       0.14399995934218168     
   5.2403309024479627       0.14299995929468423     
   5.2403309024479627       0.14199995924718678     
   5.2403309024479627       0.14099995919968933     
   5.2403309024479627       0.13999995915219188     
   5.2403309024479627       0.13899995910469443     
   5.2403309024479627       0.13799995905719697     
   5.2403309024479627       0.13699995900969952     
   5.2403309024479627       0.13599995896220207     
   5.2403309024479627       0.13499995891470462     
   5.2403309024479627       0.13399995886720717     
   5.2403309024479627       0.13299995881970972     
   5.2403309024479627       0.13199995877221227     
   5.2403309024479627       0.13099995872471482     
   5.2403309024479627       0.12999995867721736     
   5.2403309024479627       0.12899995862971991     
   5.2403309024479627       0.12799995858222246     
   5.2403309024479627       0.12699995853472501     
   5.2403309024479627       0.12599995848722756     
   5.2403309024479627       0.12499995843973011     
   5.2403309024479627       0.12399995839223266     
   5.2403309024479627       0.12299995834473521     
   5.2403309024479627       0.12199995829723775     
   5.2403309024479627       0.12099995824974030     
   5.2403309024479627       0.11999995820224285     
   5.2403309024479627       0.11899995815474540     
   5.2403309024479627       0.11799995810724795     
   5.2403309024479627       0.11699995805975050     
   5.2403309024479627       0.11599995801225305     
   5.2403309024479627       0.11499995796475559     
   5.2403309024479627       0.11399995791725814     
   5.2403309024479627       0.11299995786976069     
   5.2403309024479627       0.11199995782226324     
   5.2403309024479627       0.11099995777476579     
   5.2403309024479627       0.10999995772726834     
   5.2403309024479627       0.10899995767977089     
   5.2403309024479627       0.10799995763227344     
   5.2403309024479627       0.10699995758477598     
   5.2403309024479627       0.10599995753727853     
   5.2403309024479627       0.10499995748978108     
   5.2403309024479627       0.10399995744228363     
   5.2403309024479627       0.10299995739478618     
   5.2403309024479627       0.10199995734728873     
   5.2403309024479627       0.10099995729979128     
   5.2403309024479627        9.9999957252293825E-002
   5.2403309024479627        9.8999957204796374E-002
   5.2403309024479627        9.7999957157298923E-002
   5.2403309024479627        9.6999957109801471E-002
   5.2403309024479627        9.5999957062304020E-002
   5.2403309024479627        9.4999957014806569E-002
   5.2403309024479627        9.3999956967309117E-002
   5.2403309024479627        9.2999956919811666E-002
   5.2403309024479627        9.1999956872314215E-002
   5.2403309024479627        9.0999956824816763E-002
   5.2403309024479627        8.9999956777319312E-002
   5.2403309024479627        8.8999956729821861E-002
   5.2403309024479627        8.7999956682324409E-002
   5.2403309024479627        8.6999956634826958E-002
   5.2403309024479627        8.5999956587329507E-002
   5.2403309024479627        8.4999956539832056E-002
   5.2403309024479627        8.3999956492334604E-002
   5.2403309024479627        8.2999956444837153E-002
   5.2403309024479627        8.1999956397339702E-002
   5.2403309024479627        8.0999956349842250E-002
   5.2403309024479627        7.9999956302344799E-002
   5.2403309024479627        7.8999956254847348E-002
   5.2403309024479627        7.7999956207349896E-002
   5.2403309024479627        7.6999956159852445E-002
   5.2403309024479627        7.5999956112354994E-002
   5.2403309024479627        7.4999956064857543E-002
   5.2403309024479627        7.3999956017360091E-002
   5.2403309024479627        7.2999955969862640E-002
   5.2403309024479627        7.1999955922365189E-002
   5.2403309024479627        7.0999955874867737E-002
   5.2403309024479627        6.9999955827370286E-002
   5.2403309024479627        6.8999955779872835E-002
   5.2403309024479627        6.7999955732375383E-002
   5.2403309024479627        6.6999955684877932E-002
   5.2403309024479627        6.5999955637380481E-002
   5.2403309024479627        6.4999955589883029E-002
   5.2403309024479627        6.3999955542385578E-002
   5.2403309024479627        6.2999955494888127E-002
   5.2403309024479627        6.1999955447390676E-002
   5.2403309024479627        6.0999955399893224E-002
   5.2403309024479627        5.9999955352395773E-002
   5.2403309024479627        5.8999955304898322E-002
   5.2403309024479627        5.7999955257400870E-002
   5.2403309024479627        5.6999955209903419E-002
   5.2403309024479627        5.5999955162405968E-002
   5.2403309024479627        5.4999955114908516E-002
   5.2403309024479627        5.3999955067411065E-002
   5.2403309024479627        5.2999955019913614E-002
   5.2403309024479627        5.1999954972416162E-002
   5.2403309024479627        5.0999954924918711E-002
   5.2403309024479627        4.9999954877421260E-002
   5.2403309024479627        4.8999954829923809E-002
   5.2403309024479627        4.7999954782426357E-002
   5.2403309024479627        4.6999954734928906E-002
   5.2403309024479627        4.5999954687431455E-002
   5.2403309024479627        4.4999954639934003E-002
   5.2403309024479627        4.3999954592436552E-002
   5.2403309024479627        4.2999954544939101E-002
   5.2403309024479627        4.1999954497441649E-002
   5.2403309024479627        4.0999954449944198E-002
   5.2403309024479627        3.9999954402446747E-002
   5.2403309024479627        3.8999954354949296E-002
   5.2403309024479627        3.7999954307451844E-002
   5.2403309024479627        3.6999954259954393E-002
   5.2403309024479627        3.5999954212456942E-002
   5.2403309024479627        3.4999954164959490E-002
   5.2403309024479627        3.3999954117462039E-002
   5.2403309024479627        3.2999954069964588E-002
   5.2403309024479627        3.1999954022467136E-002
   5.2403309024479627        3.0999953974969685E-002
   5.2403309024479627        2.9999953927472234E-002
   5.2403309024479627        2.8999953879974782E-002
   5.2403309024479627        2.7999953832477331E-002
   5.2403309024479627        2.6999953784979880E-002
   5.2403309024479627        2.5999953737482429E-002
   5.2403309024479627        2.4999953689984977E-002
   5.2403309024479627        2.3999953642487526E-002
   5.2403309024479627        2.2999953594990075E-002
   5.2403309024479627        2.1999953547492623E-002
   5.2403309024479627        2.0999953499995172E-002
   5.2403309024479627        1.9999953452497721E-002
   5.2403309024479627        1.8999953405000269E-002
   5.2403309024479627        1.7999953357502818E-002
   5.2403309024479627        1.6999953310005367E-002
   5.2403309024479627        1.5999953262507915E-002
   5.2403309024479627        1.4999953215010464E-002
   5.2403309024479627        1.3999953167513013E-002
   5.2403309024479627        1.2999953120015562E-002
   5.2403309024479627        1.1999953072518110E-002
   5.2403309024479627        1.0999953025020659E-002
   5.2403309024479627        9.9999529775232077E-003
   5.2403309024479627        8.9999529300257564E-003
   5.2403309024479627        7.9999528825283051E-003
   5.2403309024479627        6.9999528350308537E-003
   5.2403309024479627        5.9999527875334024E-003
   5.2403309024479627        4.9999527400359511E-003
   5.2403309024479627        3.9999526925384998E-003
   5.2403309024479627        2.9999526450410485E-003
   5.2403309024479627        1.9999525975435972E-003
   5.2403309024479627        9.9995255004614592E-004
