! # =====>>>>>-----------------------------------------------------<<<<<===== # !
! # =====>>>>>   RUN INFO                                          <<<<<===== # !
! # =====>>>>>-----------------------------------------------------<<<<<===== # !

# title
thiem

# linfo
2 3 2 3

# runmode
0

# active head

# PROPS = const
# USER = none

! # =====>>>>>-----------------------------------------------------<<<<<===== # !
! # =====>>>>>   GRID                                              <<<<<===== # !
! # =====>>>>>-----------------------------------------------------<<<<<===== # !

# grid
69 69 1

# delx
25*20.0d0 4*5.0d0 5*2.0d0 1.0d0 5*2.0d0 4*5.0d0 25*20.0d0

# dely
25*20.0d0 4*5.0d0 5*2.0d0 1.0d0 5*2.0d0 4*5.0d0 25*20.0d0

# delz
20.d0

! # =====>>>>>-----------------------------------------------------<<<<<===== # !
! # =====>>>>>   TIME STEP CONTROL                                 <<<<<===== # !
! # =====>>>>>-----------------------------------------------------<<<<<===== # !
! # ************************************************************************* # !
! # *** timestep control 0: steady state   timestep control 1: transient  *** # !
! # *** tunit: 31557600 year          				          *** # !
! # ***           86400 day      				          *** # !
! # ***            3600 hour         				          *** # !
! # ***              60 minute        				          *** # !
! # ***               1 second (default) 				  *** # !
! # ************************************************************************* # !

# timestep control
0
1.0 1.0 1.0 0.0

# tunit
86400

# time periods, records=1
0.0	3.5	100 lin


! # =====>>>>>-----------------------------------------------------<<<<<===== # !
! # =====>>>>>   SOLVER CONTROL                                    <<<<<===== # !
! # =====>>>>>-----------------------------------------------------<<<<<===== # !

# nlsolve									!**non-linear solver control**!
50 0

! # =====>>>>>   SOLVER FLOW

# lsolvef (linear solver control)
1.d-10 64 500

# nliterf (nonlinear iteration control)
1.0d-10 1.0d0

! # =====>>>>>-----------------------------------------------------<<<<<===== # !
! # =====>>>>>   BOUNDARY CONDITIONS                               <<<<<===== # !
! # =====>>>>>-----------------------------------------------------<<<<<===== # !
! # ************************************************************************* # !
! # *** dirichlet: bcd   neumann: bcn		                          *** # !
! # *** simple = top/base/back/front/left/right                           *** # !
! # ************************************************************************* # !

! # =====>>>>>   BC HEAD

# head bcn, records=1, direction=0
35 35 1 -0.001d0 0

# head bcd, simple=right, value=init
# head bcd, simple=left, value=init
# head bcd, simple=back, value=init
# head bcd, simple=front, value=init

# head bcd, records=428
2 2 1 20.0d0 0
2 3 1 20.0d0 0
2 4 1 20.0d0 0
2 5 1 20.0d0 0
2 6 1 20.0d0 0
2 7 1 20.0d0 0
2 8 1 20.0d0 0
2 9 1 20.0d0 0
2 10 1 20.0d0 0
2 11 1 20.0d0 0
2 12 1 20.0d0 0
2 13 1 20.0d0 0
2 14 1 20.0d0 0
2 15 1 20.0d0 0
2 16 1 20.0d0 0
2 17 1 20.0d0 0
2 18 1 20.0d0 0
2 52 1 20.0d0 0
2 53 1 20.0d0 0
2 54 1 20.0d0 0
2 55 1 20.0d0 0
2 56 1 20.0d0 0
2 57 1 20.0d0 0
2 58 1 20.0d0 0
2 59 1 20.0d0 0
2 60 1 20.0d0 0
2 61 1 20.0d0 0
2 62 1 20.0d0 0
2 63 1 20.0d0 0
2 64 1 20.0d0 0
2 65 1 20.0d0 0
2 66 1 20.0d0 0
2 67 1 20.0d0 0
2 68 1 20.0d0 0
3 2 1 20.0d0 0
3 3 1 20.0d0 0
3 4 1 20.0d0 0
3 5 1 20.0d0 0
3 6 1 20.0d0 0
3 7 1 20.0d0 0
3 8 1 20.0d0 0
3 9 1 20.0d0 0
3 10 1 20.0d0 0
3 11 1 20.0d0 0
3 12 1 20.0d0 0
3 13 1 20.0d0 0
3 14 1 20.0d0 0
3 15 1 20.0d0 0
3 55 1 20.0d0 0
3 56 1 20.0d0 0
3 57 1 20.0d0 0
3 58 1 20.0d0 0
3 59 1 20.0d0 0
3 60 1 20.0d0 0
3 61 1 20.0d0 0
3 62 1 20.0d0 0
3 63 1 20.0d0 0
3 64 1 20.0d0 0
3 65 1 20.0d0 0
3 66 1 20.0d0 0
3 67 1 20.0d0 0
3 68 1 20.0d0 0
4 2 1 20.0d0 0
4 3 1 20.0d0 0
4 4 1 20.0d0 0
4 5 1 20.0d0 0
4 6 1 20.0d0 0
4 7 1 20.0d0 0
4 8 1 20.0d0 0
4 9 1 20.0d0 0
4 10 1 20.0d0 0
4 11 1 20.0d0 0
4 12 1 20.0d0 0
4 13 1 20.0d0 0
4 57 1 20.0d0 0
4 58 1 20.0d0 0
4 59 1 20.0d0 0
4 60 1 20.0d0 0
4 61 1 20.0d0 0
4 62 1 20.0d0 0
4 63 1 20.0d0 0
4 64 1 20.0d0 0
4 65 1 20.0d0 0
4 66 1 20.0d0 0
4 67 1 20.0d0 0
4 68 1 20.0d0 0
5 2 1 20.0d0 0
5 3 1 20.0d0 0
5 4 1 20.0d0 0
5 5 1 20.0d0 0
5 6 1 20.0d0 0
5 7 1 20.0d0 0
5 8 1 20.0d0 0
5 9 1 20.0d0 0
5 10 1 20.0d0 0
5 11 1 20.0d0 0
5 12 1 20.0d0 0
5 58 1 20.0d0 0
5 59 1 20.0d0 0
5 60 1 20.0d0 0
5 61 1 20.0d0 0
5 62 1 20.0d0 0
5 63 1 20.0d0 0
5 64 1 20.0d0 0
5 65 1 20.0d0 0
5 66 1 20.0d0 0
5 67 1 20.0d0 0
5 68 1 20.0d0 0
6 2 1 20.0d0 0
6 3 1 20.0d0 0
6 4 1 20.0d0 0
6 5 1 20.0d0 0
6 6 1 20.0d0 0
6 7 1 20.0d0 0
6 8 1 20.0d0 0
6 9 1 20.0d0 0
6 10 1 20.0d0 0
6 60 1 20.0d0 0
6 61 1 20.0d0 0
6 62 1 20.0d0 0
6 63 1 20.0d0 0
6 64 1 20.0d0 0
6 65 1 20.0d0 0
6 66 1 20.0d0 0
6 67 1 20.0d0 0
6 68 1 20.0d0 0
7 2 1 20.0d0 0
7 3 1 20.0d0 0
7 4 1 20.0d0 0
7 5 1 20.0d0 0
7 6 1 20.0d0 0
7 7 1 20.0d0 0
7 8 1 20.0d0 0
7 9 1 20.0d0 0
7 61 1 20.0d0 0
7 62 1 20.0d0 0
7 63 1 20.0d0 0
7 64 1 20.0d0 0
7 65 1 20.0d0 0
7 66 1 20.0d0 0
7 67 1 20.0d0 0
7 68 1 20.0d0 0
8 2 1 20.0d0 0
8 3 1 20.0d0 0
8 4 1 20.0d0 0
8 5 1 20.0d0 0
8 6 1 20.0d0 0
8 7 1 20.0d0 0
8 8 1 20.0d0 0
8 62 1 20.0d0 0
8 63 1 20.0d0 0
8 64 1 20.0d0 0
8 65 1 20.0d0 0
8 66 1 20.0d0 0
8 67 1 20.0d0 0
8 68 1 20.0d0 0
9 2 1 20.0d0 0
9 3 1 20.0d0 0
9 4 1 20.0d0 0
9 5 1 20.0d0 0
9 6 1 20.0d0 0
9 7 1 20.0d0 0
9 63 1 20.0d0 0
9 64 1 20.0d0 0
9 65 1 20.0d0 0
9 66 1 20.0d0 0
9 67 1 20.0d0 0
9 68 1 20.0d0 0
10 2 1 20.0d0 0
10 3 1 20.0d0 0
10 4 1 20.0d0 0
10 5 1 20.0d0 0
10 6 1 20.0d0 0
10 64 1 20.0d0 0
10 65 1 20.0d0 0
10 66 1 20.0d0 0
10 67 1 20.0d0 0
10 68 1 20.0d0 0
11 2 1 20.0d0 0
11 3 1 20.0d0 0
11 4 1 20.0d0 0
11 5 1 20.0d0 0
11 65 1 20.0d0 0
11 66 1 20.0d0 0
11 67 1 20.0d0 0
11 68 1 20.0d0 0
12 2 1 20.0d0 0
12 3 1 20.0d0 0
12 4 1 20.0d0 0
12 5 1 20.0d0 0
12 65 1 20.0d0 0
12 66 1 20.0d0 0
12 67 1 20.0d0 0
12 68 1 20.0d0 0
13 2 1 20.0d0 0
13 3 1 20.0d0 0
13 4 1 20.0d0 0
13 66 1 20.0d0 0
13 67 1 20.0d0 0
13 68 1 20.0d0 0
14 2 1 20.0d0 0
14 3 1 20.0d0 0
14 67 1 20.0d0 0
14 68 1 20.0d0 0
15 2 1 20.0d0 0
15 3 1 20.0d0 0
15 67 1 20.0d0 0
15 68 1 20.0d0 0
16 2 1 20.0d0 0
16 68 1 20.0d0 0
17 2 1 20.0d0 0
17 68 1 20.0d0 0
18 2 1 20.0d0 0
18 68 1 20.0d0 0
52 2 1 20.0d0 0
52 68 1 20.0d0 0
53 2 1 20.0d0 0
53 68 1 20.0d0 0
54 2 1 20.0d0 0
54 68 1 20.0d0 0
55 2 1 20.0d0 0
55 3 1 20.0d0 0
55 67 1 20.0d0 0
55 68 1 20.0d0 0
56 2 1 20.0d0 0
56 3 1 20.0d0 0
56 67 1 20.0d0 0
56 68 1 20.0d0 0
57 2 1 20.0d0 0
57 3 1 20.0d0 0
57 4 1 20.0d0 0
57 66 1 20.0d0 0
57 67 1 20.0d0 0
57 68 1 20.0d0 0
58 2 1 20.0d0 0
58 3 1 20.0d0 0
58 4 1 20.0d0 0
58 5 1 20.0d0 0
58 65 1 20.0d0 0
58 66 1 20.0d0 0
58 67 1 20.0d0 0
58 68 1 20.0d0 0
59 2 1 20.0d0 0
59 3 1 20.0d0 0
59 4 1 20.0d0 0
59 5 1 20.0d0 0
59 65 1 20.0d0 0
59 66 1 20.0d0 0
59 67 1 20.0d0 0
59 68 1 20.0d0 0
60 2 1 20.0d0 0
60 3 1 20.0d0 0
60 4 1 20.0d0 0
60 5 1 20.0d0 0
60 6 1 20.0d0 0
60 64 1 20.0d0 0
60 65 1 20.0d0 0
60 66 1 20.0d0 0
60 67 1 20.0d0 0
60 68 1 20.0d0 0
61 2 1 20.0d0 0
61 3 1 20.0d0 0
61 4 1 20.0d0 0
61 5 1 20.0d0 0
61 6 1 20.0d0 0
61 7 1 20.0d0 0
61 63 1 20.0d0 0
61 64 1 20.0d0 0
61 65 1 20.0d0 0
61 66 1 20.0d0 0
61 67 1 20.0d0 0
61 68 1 20.0d0 0
62 2 1 20.0d0 0
62 3 1 20.0d0 0
62 4 1 20.0d0 0
62 5 1 20.0d0 0
62 6 1 20.0d0 0
62 7 1 20.0d0 0
62 8 1 20.0d0 0
62 62 1 20.0d0 0
62 63 1 20.0d0 0
62 64 1 20.0d0 0
62 65 1 20.0d0 0
62 66 1 20.0d0 0
62 67 1 20.0d0 0
62 68 1 20.0d0 0
63 2 1 20.0d0 0
63 3 1 20.0d0 0
63 4 1 20.0d0 0
63 5 1 20.0d0 0
63 6 1 20.0d0 0
63 7 1 20.0d0 0
63 8 1 20.0d0 0
63 9 1 20.0d0 0
63 61 1 20.0d0 0
63 62 1 20.0d0 0
63 63 1 20.0d0 0
63 64 1 20.0d0 0
63 65 1 20.0d0 0
63 66 1 20.0d0 0
63 67 1 20.0d0 0
63 68 1 20.0d0 0
64 2 1 20.0d0 0
64 3 1 20.0d0 0
64 4 1 20.0d0 0
64 5 1 20.0d0 0
64 6 1 20.0d0 0
64 7 1 20.0d0 0
64 8 1 20.0d0 0
64 9 1 20.0d0 0
64 10 1 20.0d0 0
64 60 1 20.0d0 0
64 61 1 20.0d0 0
64 62 1 20.0d0 0
64 63 1 20.0d0 0
64 64 1 20.0d0 0
64 65 1 20.0d0 0
64 66 1 20.0d0 0
64 67 1 20.0d0 0
64 68 1 20.0d0 0
65 2 1 20.0d0 0
65 3 1 20.0d0 0
65 4 1 20.0d0 0
65 5 1 20.0d0 0
65 6 1 20.0d0 0
65 7 1 20.0d0 0
65 8 1 20.0d0 0
65 9 1 20.0d0 0
65 10 1 20.0d0 0
65 11 1 20.0d0 0
65 12 1 20.0d0 0
65 58 1 20.0d0 0
65 59 1 20.0d0 0
65 60 1 20.0d0 0
65 61 1 20.0d0 0
65 62 1 20.0d0 0
65 63 1 20.0d0 0
65 64 1 20.0d0 0
65 65 1 20.0d0 0
65 66 1 20.0d0 0
65 67 1 20.0d0 0
65 68 1 20.0d0 0
66 2 1 20.0d0 0
66 3 1 20.0d0 0
66 4 1 20.0d0 0
66 5 1 20.0d0 0
66 6 1 20.0d0 0
66 7 1 20.0d0 0
66 8 1 20.0d0 0
66 9 1 20.0d0 0
66 10 1 20.0d0 0
66 11 1 20.0d0 0
66 12 1 20.0d0 0
66 13 1 20.0d0 0
66 57 1 20.0d0 0
66 58 1 20.0d0 0
66 59 1 20.0d0 0
66 60 1 20.0d0 0
66 61 1 20.0d0 0
66 62 1 20.0d0 0
66 63 1 20.0d0 0
66 64 1 20.0d0 0
66 65 1 20.0d0 0
66 66 1 20.0d0 0
66 67 1 20.0d0 0
66 68 1 20.0d0 0
67 2 1 20.0d0 0
67 3 1 20.0d0 0
67 4 1 20.0d0 0
67 5 1 20.0d0 0
67 6 1 20.0d0 0
67 7 1 20.0d0 0
67 8 1 20.0d0 0
67 9 1 20.0d0 0
67 10 1 20.0d0 0
67 11 1 20.0d0 0
67 12 1 20.0d0 0
67 13 1 20.0d0 0
67 14 1 20.0d0 0
67 15 1 20.0d0 0
67 55 1 20.0d0 0
67 56 1 20.0d0 0
67 57 1 20.0d0 0
67 58 1 20.0d0 0
67 59 1 20.0d0 0
67 60 1 20.0d0 0
67 61 1 20.0d0 0
67 62 1 20.0d0 0
67 63 1 20.0d0 0
67 64 1 20.0d0 0
67 65 1 20.0d0 0
67 66 1 20.0d0 0
67 67 1 20.0d0 0
67 68 1 20.0d0 0
68 2 1 20.0d0 0
68 3 1 20.0d0 0
68 4 1 20.0d0 0
68 5 1 20.0d0 0
68 6 1 20.0d0 0
68 7 1 20.0d0 0
68 8 1 20.0d0 0
68 9 1 20.0d0 0
68 10 1 20.0d0 0
68 11 1 20.0d0 0
68 12 1 20.0d0 0
68 13 1 20.0d0 0
68 14 1 20.0d0 0
68 15 1 20.0d0 0
68 16 1 20.0d0 0
68 17 1 20.0d0 0
68 18 1 20.0d0 0
68 52 1 20.0d0 0
68 53 1 20.0d0 0
68 54 1 20.0d0 0
68 55 1 20.0d0 0
68 56 1 20.0d0 0
68 57 1 20.0d0 0
68 58 1 20.0d0 0
68 59 1 20.0d0 0
68 60 1 20.0d0 0
68 61 1 20.0d0 0
68 62 1 20.0d0 0
68 63 1 20.0d0 0
68 64 1 20.0d0 0
68 65 1 20.0d0 0
68 66 1 20.0d0 0
68 67 1 20.0d0 0
68 68 1 20.0d0 0


! # =====>>>>>-----------------------------------------------------<<<<<===== # !
! # =====>>>>>   INITIAL VALUES                                    <<<<<===== # !
! # =====>>>>>-----------------------------------------------------<<<<<===== # !
! # ************************************************************************* # !
! # *** give array with initial values or hdf5 file with initial values:  *** # !
! # *** # head init, HDF5=initial.h5		                          *** # !
! # ************************************************************************* # !

# head init
4761*20.0d0

# temp init
4761*20.0d0

! # =====>>>>>-----------------------------------------------------<<<<<===== # !
! # =====>>>>>   PROPERTIES                                        <<<<<===== # !
! # =====>>>>>-----------------------------------------------------<<<<<===== # !

! # =====>>>>>   FLUID
# fluid props
1000.0d0 5.0D-8 4218.0d0 0.65d0 1.0D-3 0.02d0  		 				!***rhof compf cpf lamf visf sigmaf***!

! # =====>>>>>   ROCKS/UNITS
! # ************************************************************************* # !
! # *** poro | perm-anisotropy in x | perm-anisotropy in y | perm |       *** # !
! # *** compressilbility | tc-anisotropy in x | tc-anisotropy in y | tc | *** # !
! # *** heat production | volumetric thermal capacity | dispersivity      *** # !
! # *** electrical conductivity | coupling coefficient                    *** # !
! # ************************************************************************* # !

# units
0.1d0  1.d0  1.d0 1d-12 1.d-8  1.d0  1.d0  3.35d0  0.0d-06  2300000.d0  10d0  0.d0  0.d0	!Unit1


! # =====>>>>>-----------------------------------------------------<<<<<===== # !
! # =====>>>>>   GEOMETRY                                          <<<<<===== # !
! # =====>>>>>-----------------------------------------------------<<<<<===== # !

# uindex
4761*1

! # =====>>>>>-----------------------------------------------------<<<<<===== # !
! # =====>>>>>   OUTPUT                                            <<<<<===== # !
! # =====>>>>>-----------------------------------------------------<<<<<===== # !

# file output: vtk hdf
