   8.9422225999999996e+06	
   8.7184120000000000e+06	
   8.3778752000000002e+06	
   8.0339877999999998e+06	
   7.6890227999999998e+06	
   7.5821087999999998e+06	
   7.5170010999999996e+06	
   7.4732972000000002e+06	
   7.4368245000000000e+06	
   7.4082692999999998e+06	
   7.3848405999999996e+06	
   7.3638165000000000e+06	
   7.3456155000000000e+06	
   7.3292467999999998e+06	
   7.1963210999999996e+06	
   7.0914595999999996e+06	
   7.0309697999999998e+06	
   6.9866530000000000e+06	
   6.9522134000000004e+06	
   6.9244735000000000e+06	
   6.9013762000000002e+06	
   6.8807770000000000e+06	
