Target Histogram
   1
log permeability
-10.3263013034582
-11.6691129953727
-11.4003227006347
-11.6718024272191
-10.4243709834169
-11.7780935154208
-12.0635612028847
-10.4470216987130
-11.4234288378365
-10.6384128351519
-11.3518892419461
-10.7304592920269
-13.5644493561211
-10.5341358719212
-9.14643905750615
-9.96071066015279
-10.0891034205415
-11.2397312866013
-10.8190019202076
-10.7557504531867
-10.9036071154603
-11.8304684976193
-11.3522521856623
-11.1747750395441
-11.4806534194810
-10.1631632885823
-8.46165065861098
-12.3233342514804
-10.8716597366567
-12.4423791533611
-9.69749179039286
-9.59008849998098
-12.6625429703581
-9.05631552160786
-12.0846984522376
-10.7731810249786
-9.90107079751526
-10.8528112475277
-8.70433418698716
-8.24744212240451
-10.8616822751844
-12.9070662083731
-11.3649929933735
-11.8481100115748
-11.7647533645211
-12.1276948145369
-10.9218111049167
-8.89337034429422
-11.7158473931338
-11.2805156617415
-9.83352499548398
-9.78717858123574
-10.5144590129420
-9.97398351380402
-10.1292739789163
-11.3817578785089
-10.5711069728970
-11.2991305200229
-11.8998685199995
-10.3652545387429
-10.9325464091714
-11.1871205448414
-10.7082725449976
-10.0123053080883
-10.6070654301224
-10.8054486259740
-10.7202150435177
-10.9487796881556
-11.7744662439394
-10.2132182895971
-9.59109304900651
-11.5340985837919
-9.07224157018831
-11.1762475472576
-11.2437503624865
-11.8976006587100
-11.7923368651071
-11.9529746909534
-10.6460945457636
-9.40297367608884
-10.4725297488581
-10.1457976988482
-9.65815347795405
-13.4995334419297
-11.1675593221697
-10.6469846854728
-10.2827462745098
-12.3048516387316
-12.0058689517441
-10.2093165302527
-11.1165713286589
-10.4469101121217
-11.9606448047191
-12.6338023957928
-10.2387997181332
-9.80669284829693
-9.36794278407912
-12.5321896029658
-12.3368524047202
-12.4738464980085
-11.0416630742965
-11.6155073351284
-9.68584519122416
-12.4550665824822
-12.7423492205976
-10.7946953167078
-9.80706960147428
-11.8028230983059
-12.2656364222380
-11.1493313531836
-12.6364466782539
-10.9826556539563
-10.1716127340089
-10.7822616516185
-12.9092449012627
-11.5368218212875
-11.3020322984464
-9.18641786909567
-10.0851482471589
-11.0570807159145
-9.69063792217058
-12.0447358484096
-11.3482668103353
-9.58743883927071
-9.49761707141721
-10.2696240054627
-10.5092477280966
-11.5861261395764
-10.2551003495757
-11.8281549698057
-10.4254792683506
-10.7181586173547
-9.86069373096949
-11.4258678455717
-10.3638601085970
-10.2068219186104
-11.8983771141007
-10.8437551557225
-9.40274608872243
-10.8875602894063
-11.3086249345470
-10.5433403908848
-11.2751008305677
-10.5568563912162
-11.1347651267229
-11.0183282297387
-10.5392105749928
-9.63768453565770
-10.5481254326193
-9.35161634295383
-13.0283619608528
-11.4492568114449
-10.7640067982881
-11.8351729637833
-12.2759551634082
-10.3829649187194
-10.3872984962927
-10.7106188447051
-10.6046838776315
-11.8705628420570
-11.4976883782042
-11.1066718170562
-11.6878291354279
-10.6681191230186
-8.63477525740109
-11.4822307184698
-10.3525517932992
-12.0344247172342
-9.66044540209588
-11.9691403558288
-10.7912843987278
-11.6185933553605
-10.4879843562635
-10.9886458288992
-11.0439886262667
-8.05090745868441
-11.6300461935273
-11.0468793995382
-8.31697448922827
-12.1466906861790
-10.4470012545337
-12.0764584090925
-9.96936041591321
-10.6724701875238
-10.3478751887301
-11.2788611163878
-10.7548084062760
-9.52748652117842
-13.2751015423474
-12.6332907249212
-10.5845310630212
-11.6547688518580
-11.2963483154066
-12.4969188764476
-11.9048344473277
-11.4041815450312
-11.7257981660490
-11.8664850253596
-11.4218467804420
-11.9426663242806
-9.65811628274205
-11.9884347122949
-9.18205731235653
-11.3744366065080
-12.4517407199174
-11.6186818075675
-10.0654990377044
-9.94407074350729
-10.8397727232514
-10.7125996797568
-10.3670944229588
-12.4590418690836
-11.5817097254672
-12.8301493221034
-11.4491030798494
-10.0507252963987
-10.2825585905552
-8.71217139432925
-10.8332723366503
-13.1564907516997
-9.31060069257334
-9.71771925290743
-11.5826309643473
-10.7773855193664
-10.2205485271376
-10.6152928424143
-10.3036330771167
-11.1127155591738
-11.0388237009281
-10.9119113708871
-11.7896559732163
-9.57703938120087
-10.9936683158704
-10.3135191521661
-11.8549336336484
-12.0752353174781
-11.0909672511936
-11.2527718329390
-9.80517618136587
-10.3939362906357
-10.4594855708379
-12.4449394192149
-11.9676938077073
-10.7979486617825
-11.3478779730851
-9.70991200984463
-9.65884618112008
-11.5807976894004
-10.1248643980083
-9.60455011306723
-10.6790147780469
-9.37661754158017
-9.93756669089128
-10.7858947619654
-10.1231967980340
-10.8055929887089
-11.4148921597677
-10.6415412656048
-10.9637773319559
-11.3646311680891
-9.22898043298173
-10.7787269322845
-8.26962241513197
-11.2961653833472
-10.4357044480650
-9.41737933695278
-8.27076987678962
-10.6964357191590
-11.7902584785979
-10.1966197674934
-12.3199027023587
-11.2738457596266
-10.7281330783974
-9.51044649221392
-9.56285847521018
-11.0275613965605
-10.0760686848735
-11.3212804199658
-10.3388751138496
-9.08470606146084
-10.8432403901828
-11.3005364579440
-11.5000347774698
-10.2835286194286
-9.66271127295774
-8.87432005314306
-10.9459542155624
-10.8369640819678
-11.6327067404700
-9.38800850728466
-11.0754487241871
-11.4732371433314
-8.81575921314279
-10.1901188937270
-10.2836571957227
-12.0055711344636
-10.5660133867678
-10.4798564073751
-12.0922445173416
-11.2257944518025
-11.4049217765492
-10.4721407845800
-12.0069628641152
-9.91097322939566
-9.21512528837861
-11.3037545201196
-11.0086966314937
-10.4933649734648
-9.79674801131476
-10.4779822703013
-10.6029539077029
-11.4828108403191
-11.2314971944861
-10.3866147876665
-9.31714946366795
-10.4316064261605
-12.2060292542489
-10.5669396110368
-11.0921207484998
-11.2440549379654
-11.2191886630466
-11.8797667163886
-11.3208043250891
-11.7844152937556
-11.3649625279391
-10.8827294276065
-10.8256603112285
-11.2156564130432
-11.1526114796246
-10.9663117801365
-10.5417177945002
-9.71836877911920
-10.3799099484417
-11.2866738624605
-10.4019842857488
-11.2455326753531
-12.7807371751270
-13.3472392289450
-12.7135952988224
-11.2371272609671
-11.6196258148319
-11.7201603796573
-10.9593428263678
-11.6589814285836
-11.6305150328285
-10.3903749088187
-10.2176650295011
-8.56341564192420
-10.6975925834623
-10.9416801461114
-11.5741339623937
-11.1952124010511
-11.0505312775256
-12.7557750407286
-11.2573576235820
-10.2504581146289
-11.5707643089998
-10.5057666240469
-10.0085595611748
-9.92285988656582
-10.2231582017930
-13.2598403515310
-11.5643766911304
-10.0985085649071
-10.6053244684317
-10.9951455762811
-10.5630813719718
-9.86992728000333
-10.8462292589092
-11.7586271567433
-11.1801630971233
-11.2077895861080
-10.1032547120662
-10.5876922979595
-10.4524803127705
-10.8521649564510
-11.3622671553636
-10.9388587049794
-10.7832944494796
-12.3981224131178
-10.8211296270137
-10.0724157817944
-11.1101779357091
-9.42760212122700
-10.4395093860039
-11.4203446056275
-11.1539453896658
-11.2751985934216
-10.7588795452209
-10.2453136062554
-11.2919098997849
-10.5415546200228
-9.24471136825556
-10.0685094084584
-10.1747355585702
-11.8148071339473
-11.5342041789847
-10.7574483409377
-11.1006479490721
-12.6250484494782
-12.5144231523021
-9.97381060744781
-11.7581274759589
-8.92165521088715
-13.2219866052103
-10.5512363614838
-10.9993738845929
-11.7562393091147
-10.5956751738653
-11.7938528752818
-10.1402168042670
-10.9331307893830
-12.6393873936979
-13.4247499133722
-11.2838299263028
-9.85419370103136
-10.8188307104541
-10.9457497714554
-10.3122463457252
-12.3934073019845
-9.57463426381299
-11.8938511578589
-10.9622353000458
-11.3635692881892
-10.8504435175394
-12.9445181061624
-9.47610510546348
-10.4541898319365
-8.99007250547830
-9.58332933914193
-10.9885193344455
-11.9390493210805
-12.7389083880145
-10.9830290284309
-10.7808409064165
-9.95417938986392
-11.9509826539699
-10.2052025771383
-10.9285701901126
-11.7736869022724
-10.2258381564039
-10.7343452820212
-11.2351055309233
-9.12270777504080
-10.3907605975588
-11.1102738790032
-10.7225425284220
-10.9129540855276
-10.8264069485626
-10.5464088466289
-11.6035180309883
-11.7970239279958
-10.6393511025063
-9.11490832265850
-11.3068218306528
-12.0127239609364
-11.2385455079811
-11.4840148112814
-11.3273445216883
-10.5244820160159
-11.1300048911424
-11.5943532816577
-11.4437669101050
-12.3225296477428
-11.8595211662220
-12.4130011724761
-11.5159859003619
-12.0850980967217
-11.7071585907609
-11.3016545457548
-12.2004405038004
-11.0193622662427
-10.6596294358106
-11.9632309821990
-9.88607741401943
-12.5861054260241
-11.3917946590254
-12.4846862229801
-11.3446271681719
-12.3239159057300
-11.5748349508350
-11.7407067276093
-12.1850018744886
-13.0648600364807
-10.4349401877472
-8.99985763340699
-8.77667227976613
-11.4921775858835
-11.0460029344954
-11.4657470058351
-10.9240525678743
-11.9187696441596
-12.9194665298232
-11.0364431430103
-12.2251257174354
-12.9024343177943
-8.62575144916499
-11.2333457137578
-10.5961192607076
-9.80753140066185
-12.6847588485410
-10.5868514700501
-10.4982547807110
-10.9169356548358
-10.8422019480266
-11.5279425142995
-10.2769393001712
-11.8499416520740
-11.7963840508332
-10.2746624288720
-9.31345552301841
-11.3863941694972
-11.5050784136525
-10.5919261053748
-9.92764385813861
-10.0320171088522
-10.7298544672473
-11.6344065355888
-10.3702368196716
-11.0792337539516
-9.62305083438771
-12.4082124899332
-10.8587683166922
-9.71028060505963
-11.4949362986593
-11.6248249523466
-11.9336342940301
-11.2787249138062
-11.2005249593927
-10.8632588367237
-11.8833488586151
-10.9174620772757
-11.6038748980544
-11.3687282641591
-11.8381704225732
-11.2824750414082
-7.43013222312567
-7.59246763361356
-9.85308214017485
-10.2127424669859
-12.2781373691909
-11.5845931012812
-11.6194056642334
-10.4646989541555
-10.5170129471068
-10.8915249165196
-11.3402847256676
-11.9258484198918
-10.9946783102051
-9.86085050904922
-10.5726387524581
-10.8189678506898
-10.3425202612917
-10.4157543940744
-12.6164512954797
-10.9812256479390
-11.4259607582962
-13.0340272651644
-12.3285525518364
-11.3198856188612
-10.1745695354451
-11.2292928092690
-10.7377491867051
-11.8979795447228
-13.1573027060598
-10.9060832435110
-11.9511814648516
-9.82741006956065
-9.26490413363020
-11.3716960453508
-9.80713587131603
-10.0463519737861
-12.4150445350008
-11.0333563180476
-10.7388822364605
-10.4770054656631
-10.3232131572368
-10.3256043424062
-10.3216010406016
-11.3125797194640
-10.6207562343636
-13.2528982348844
-12.1683506966432
-9.79803437830975
-11.6607385911464
-10.6724409599556
-9.49187292085444
-11.8889089578612
-11.9592846305036
-11.4927193042547
-10.5589434208254
-11.2047642483036
-11.9778069287258
-12.5729465874584
-11.3702615655181
-11.2211454662157
-11.5352128221369
-11.2619721730554
-12.0954149186599
-10.4507665101725
-13.1746205662964
-10.8553853485439
-10.3309665646977
-11.8488291597579
-11.0570901191929
-10.7082137356462
-11.6146185401327
-11.0136431885671
-10.5878865038514
-11.9371495953616
-10.1648429635926
-9.90546153909035
-10.6788192670311
-10.9848871614560
-12.1644925412166
-10.5051592525777
-12.2158489848243
-9.40921202324141
-10.4735249514045
-10.7351814082364
-11.3935978905794
-13.1763100383363
-12.1956544320256
-10.6346716075682
-8.58755694282938
-10.2597527794206
-10.6902536113926
-11.5419871831133
-10.8777168158615
-10.0377206672299
-11.2539748433233
-9.10824401073637
-12.2202541372276
-11.3762371439887
-10.9475708512228
-12.9539337006085
-10.4345794288398
-10.9222055375997
-10.9192988123737
-10.2052921905625
-9.95631106352128
-10.1978153519725
-11.4688243648356
-11.0465923743266
-10.6465469652176
-12.2568005631843
-12.0360314378795
-11.4269626877635
-10.9223313205680
-9.20906974103940
-10.2027368645931
-11.4425007408247
-11.6290910915148
-9.46620372867389
-8.26645961868676
-10.8325609225150
-11.4788651656027
-12.4126538831818
-10.0250119449310
-10.7102810157815
-9.83459174890785
-11.9087056163189
-10.7594249627705
-11.6540463351916
-9.72504546169328
-11.5511906109359
-11.0874088682818
-11.3478203182597
-10.0060374658444
-10.5715638269762
-12.0041852801620
-11.6326878766631
-12.0457099912249
-10.4942929905412
-10.6680462786032
-12.6354125226881
-12.9068402053162
-11.0403987210425
-10.3028066703536
-10.8311974245113
-12.5437963257312
-12.5518023941417
-10.1329221963806
-11.1453729904234
-11.3862416638170
-9.68379588763720
-11.7964642265939
-10.8645586281144
-10.5821935697914
-10.1801203540363
-11.8543533791200
-10.6426814118149
-8.25153344412479
-12.5129769935282
-10.5660209672264
-11.2297677334640
-11.8270863762991
-11.8319826153934
-10.5021004994167
-8.68437389665550
-11.7938257016525
-10.4590404307180
-11.5590613571116
-9.02343394167333
-10.4553396247106
-11.1379055577779
-10.3801243642493
-11.0055827834449
-9.89280075457580
-11.1855901084371
-12.1214178125119
-10.7535504836009
-9.43896276981481
-12.1966217145627
-11.2423452779922
-9.99517183655750
-12.9201258051274
-10.3745542205392
-10.2470395822174
-10.7865163164773
-11.7702340728686
-11.0071346525287
-10.9068134752226
-10.0647487926093
-10.3364820781684
-11.3502326667352
-9.38012256064503
-11.0508330964816
-11.8126970707666
-11.4384199346969
-10.1413900053645
-10.8047840647617
-10.1111378461173
-10.9307781789608
-8.51317867970266
-12.6656431178815
-11.4159279448520
-11.0842246064709
-10.9107480524925
-9.54385279952465
-10.7805464813619
-11.1148772519193
-10.9313975305169
-10.2485051430299
-11.6894270579232
-10.5491864154756
-12.5650246578567
-11.0787959236624
-11.9417919690610
-11.6528615058162
-10.7174707600830
-12.1250790429854
-11.9889740871432
-12.5158587610490
-13.2285104768732
-11.1515216783033
-9.83725563439364
-11.1819362861554
-11.2339535403310
-12.0467340698834
-9.41668112221296
-11.2494134215246
-9.70598099164494
-10.6380198620797
-11.2630525087037
-9.91785554808344
-10.0175659198071
-11.1114439642889
-9.70404921451057
-9.21870497849642
-11.0656148757390
-11.2556808653699
-10.5953618429605
-10.6482432466729
-10.1924889397917
-11.2555904923078
-10.2848867212143
-9.95140268713640
-10.8224514449835
-10.8467023151720
-12.2543244783164
-12.1728008583088
-12.4614418150778
-12.2442879871064
-11.1550993753348
-12.6149138135016
-8.75393485021517
-10.2607188676903
-13.0676453626333
-12.1545505814043
-11.1071918781274
-12.7128790865289
-11.4598945421264
-9.90899989662707
-11.1638802567567
-11.0672404702443
-12.0015924559846
-11.5556614471346
-12.3515563425220
-10.6357886772652
-11.4522076049785
-10.2166340301139
-9.76276335212025
-9.92280181856654
-11.0348411236037
-11.5039873339627
-12.2240189748088
-10.8814909172125
-10.0405264992646
-11.3409304385941
-11.1733183309842
-10.3836994923252
-10.1360806304123
-12.4169141669763
-10.8000480413850
-10.8041731471802
-11.1511324029382
-10.1072158369656
-11.3641901880836
-11.8261886885604
-10.7239886947312
-10.5402026990273
-11.2175066703853
-10.2038770325686
-12.5180225678858
-12.0749170323860
-14.0721657339720
-10.4785928113743
-11.9910236264756
-11.2531257375033
-9.99073473764104
-10.9489879469028
-11.4404327910108
-11.8484694113043
-11.2403708392538
-10.3970705638385
-12.5162536510263
-11.0683485022814
-10.2176071347903
-12.4207259230749
-10.3306348691770
-10.3167633622756
-11.8821362232269
-12.5045087554799
-10.5668606011540
-10.1917442865625
-10.4210620141781
-10.2371508741928
-12.1821270339454
-10.4161523098958
-11.5800096818840
-11.5613671891923
-12.5558964818588
-9.89979154370477
-10.8249416980988
-9.99638868966693
-9.48899182572103
-12.1372390303158
-10.3569816068386
-11.0127600440560
-10.0857402749906
-9.89230542396597
-10.1795285385337
-11.8176118322549
-11.1264852211052
-10.7358570942113
-7.84147192706964
-9.77338277148829
-8.67936467864652
-10.5855021393610
-10.7881684332197
-10.3868331082975
-11.5277769608162
-9.75839874864747
-11.1576306828125
-12.3736017845936
-10.1291618452821
-12.5685333021412
-12.8442528959156
-10.7115901902963
-11.9509111275132
-11.9107320940680
-11.1619491703026
-11.4889017657189
-11.2227820079355
-10.7279335035619
-12.1685308938304
-12.2242343069292
-13.0994786996257
-11.3902426300595
-10.3357182422410
-11.7022640071802
-10.4986724656915
-10.4596862543023
-10.0092490134680
-10.0106218832980
-11.6888411829182
-11.8568376066006
-10.9516099823403
-11.6648534028676
-9.54725803901017
-9.62015424785557
-10.9048635810303
-11.4271270639839
-10.4891921901584
-11.6562736243805
-11.1250167759487
-11.5304667003073
-10.8944136007331
-9.87164959337260
-10.2575219589044
-9.85639684548110
-11.9147142450554
-10.8201983280756
-11.9833478202009
-10.6151714292480
-10.6743023677603
-9.70368963144032
-9.90077051650799
-10.3467769512508
-11.5050733872714
-11.4759938069834
-13.0515614218313
-11.4483045379394
-12.5511965348610
-10.0701742215305
-10.0980600281410
-10.8617125509463
-11.3784077585016
-10.8569357426140
-9.39496133357984
-9.65088394570865
-11.4484421113510
-10.8315886790783
-12.1204966950127
-10.5992690924369
-10.2609373552970
-10.0999552953704
-12.5312182721591
-10.4953792131335
-11.8642146459389
-11.3765549519871
-10.2119895949532
-10.7017943585030
-11.1637418368049
-10.3932674544655
-9.36550132109008
-11.6234937243167
-12.3501001659432
-12.1622409790451
-11.9442792014316
-11.6712109398739
-10.4233188301382
-13.0857700877620
-10.7640361164220
-11.7784213500003
-9.90043805460462
-11.8555642956360
-10.9924423764369
-11.9375857688021
-11.6815596825092
-11.2601394303911
-11.2287953643088
-11.5248129939899
-9.87168148524466
-10.4498607504779
-9.14485263930077
-11.2772987945306
-9.93336922912747
-13.0992388509904
-10.3615162305816
-10.6285345433429
-11.3741792999141
-10.3046516738488
-10.1223712591287
-9.96639435141334
-10.5802086796304
-10.3989307721187
-11.6740183137171
-12.0951784569024
-11.2676167256858
-10.8134496280987
-10.0490553281699
-11.7905187368966
-11.4894779819325
-8.02552612939802
-11.6225853568715
-9.07969700988737
-10.0388510732487
-11.5578031646241
-11.1065551515656
-11.2151612465029
-10.5265103079016
-9.63435904160752
-12.6378037160691
-8.97627113503301
-10.2222107144116
-11.5489019232298
-11.1260113601164
-10.7004195927001
