   144.002763969303       5905.78556976684       57675125.3495210       50.0000000000000                          9
   143.333608125715       5908.11380469389       57208400.6586224       50.0000000000000                          9
   142.668974435035       5910.43301123129       56741587.5766707       50.0000000000000                          9
   142.008917578129       5912.74369812582       56274691.0844634       50.0000000000000                          9
   141.353494427314       5915.04652917661       55807717.6808179       50.0000000000000                          9
   140.702668216858       5917.34221741002       55340674.3465025       50.0000000000000                          9
   140.056023077505       5919.63108659248       54873564.2512778       50.0000000000000                          9
   139.411960623278       5921.91150589723       54406371.4286794       50.0000000000000                          9
   138.765629231398       5924.17469041929       53939009.8710615       50.0000000000000                          9
   138.104825360858       5926.38877715896       53471167.6273847       50.0000000000000                          9
   136.997886864095       5928.50553221123       53002372.4681190       50.0000000000000                          8
   135.540933683665       5930.62124032300       52533567.0577852       50.0000000000000                          8
   134.139306690697       5932.68940613788       52064296.1902020       50.0000000000000                          8
   132.779777055729       5934.71838053744       51594641.6236735       50.0000000000000                          8
   131.453832515382       5936.71155044953       51124636.5175055       50.0000000000000                          8
   130.156148547019       5938.67031468853       50654294.5666165       50.0000000000000                          8
   128.883076330488       5940.59534933143       50183622.3900508       50.0000000000000                          8
   127.631839785573       5942.48706989463       49712624.0558663       50.0000000000000                          8
   126.400142741804       5944.34578918819       49241302.6265870       50.0000000000000                          8
   125.185971099539       5946.17176656455       48769660.6413672       50.0000000000000                          8
   123.987485094754       5947.96521878476       48297700.2223758       50.0000000000000                          8
   122.802954058341       5949.72631701382       47825423.0453791       50.0000000000000                          8
   121.530428335669       5951.44336416295       47352714.5907595       50.0000000000000                          7
   120.310040051018       5953.11543474235       46879565.7976009       50.0000000000000                          7
   119.214346587718       5954.75566075135       46406105.2338287       50.0000000000000                          7
   118.215667155880       5956.36808153661       45932372.4462060       50.0000000000000                          7
   117.286640765992       5957.95568441081       45458396.6816912       50.0000000000000                          7
   116.400241577661       5959.52043807655       44984197.2146692       50.0000000000000                          7
   115.529826586488       5961.06332333103       44509783.6475584       50.0000000000000                          7
   114.649211700400       5962.58436320186       44035156.2058493       50.0000000000000                          7
   113.732769906020       5964.08265438357       43560306.0458765       50.0000000000000                          7
   112.755540803316       5965.55640143399       43085215.5896103       50.0000000000000                          7
   111.693334245360       5967.00295456945       42609858.8946852       50.0000000000000                          7
   110.522803408970       5968.41885104661       42134202.0595407       50.0000000000000                          7
   109.221458856735       5969.79985915917       41658203.6541630       50.0000000000000                          7
   107.846731667010       5969.80114920220       41168697.2921965       50.0000000000000                          6
   106.553680846420       5968.40972964896       40665555.7817544       50.0000000000000                          6
   105.263173411366       5966.95632849979       40161807.4482285       50.0000000000000                          6
   103.975247729711       5965.44324416527       39657474.7939143       50.0000000000000                          6
   102.689909658590       5963.87255768688       39152578.1929857       50.0000000000000                          6
   101.407135227109       5962.24603470985       38647134.9317733       50.0000000000000                          6
   100.126879201108       5960.56501195417       38141158.0972721       50.0000000000000                          6
   98.8490973803565       5958.83026631908       37634655.2956258       50.0000000000000                          6
   97.5738028845652       5957.04191959473       37127627.7192188       50.0000000000000                          6
   96.3012138887272       5955.19967074629       36620072.4208241       50.0000000000000                          6
   95.0321776641021       5953.30471894194       36112001.1407671       50.0000000000000                          6
   93.7695525153977       5951.36983584155       35603538.9184013       50.0000000000000                          6
   92.5233781268578       5949.46940343860       35095413.9813006       50.0000000000000                          6
   91.3326766705813       5947.99124453330       34591423.2597945       50.0000000000000                          6
   90.2584458714132       5948.53049438371       34107183.7245724       50.0000000000000                          5
   89.3547681192377       5949.47880770586       33626949.0738495       50.0000000000000                          5
   88.4664164910875       5950.42466666514       33146690.3939848       50.0000000000000                          5
   87.5983707500535       5951.35857051345       32666314.6691076       50.0000000000000                          5
   86.7546421044877       5952.28024101194       32185819.1751605       50.0000000000000                          5
   85.6631726742735       5953.18662381236       31705174.0089240       50.0000000000000                          4
   84.3376703622964       5954.07091659032       31224312.5730752       50.0000000000000                          4
   83.0536785663605       5954.93036654203       30743207.9166280       50.0000000000000                          4
   81.8094957017021       5955.76510962283       30261861.3706421       50.0000000000000                          4
   80.6176861062073       5956.56945111061       29780217.1816439       50.0000000000000                          4
   79.6441696853450       5957.08970956059       29295791.7137232       50.0000000000000                         11
   78.8782551462789       5957.61968482621       28811461.3767434       50.0000000000000                         11
   78.0394316198337       5958.08092947737       28326458.1408393       50.0000000000000                          4
   76.9838489976005       5958.70499434026       27843048.9740366       50.0000000000000                          4
   75.4528006393108       5959.34228702503       27359769.3119541       50.0000000000000                          3
   73.4610316933608       5959.94881854745       26876188.4861353       50.0000000000000                          3
   71.4574700517725       5960.51293864271       26392192.4361514       50.0000000000000                          3
   69.4441705507478       5961.03474222432       25907782.0912384       50.0000000000000                          3
   67.4248564675046       5961.51542082102       25422969.1168893       50.0000000000000                          3
   65.4028094398423       5961.95632382765       24937766.7241630       50.0000000000000                          3
   63.3805683006194       5962.35876393200       24452187.7647442       50.0000000000000                          3
   61.3600239015949       5962.72400430692       23966244.6055505       50.0000000000000                          3
   59.3425564111722       5963.05328132606       23479949.3511282       50.0000000000000                          3
   57.3291659733800       5963.34782671717       22993314.0605416       50.0000000000000                          3
   55.3206128859281       5963.60888371072       22506350.9054737       50.0000000000000                          3
   53.3175915688672       5963.83772043066       22019072.3013265       50.0000000000000                          3
   51.3209435813519       5964.03564609702       21531491.0658504       50.0000000000000                          3
   49.7487852103871       5964.20826580777       21043662.0751127       50.0000000000000                          2
   48.5900434671818       5964.36499818113       20555677.5410386       50.0000000000000                          2
   47.4271062883198       5964.51046611327       20067582.7235827       50.0000000000000                          2
   46.2611885099040       5964.64498154031       19579380.6767267       50.0000000000000                          2
   45.0932749039622       5964.76890694613       19091074.9493344       50.0000000000000                          2
   43.9240973012234       5964.88264513122       18602669.4849852       50.0000000000000                          2
   42.7541812560376       5964.98663259378       18114168.5571712       50.0000000000000                          2
   41.5839006714363       5965.08133661412       17625576.7407529       50.0000000000000                          2
   40.4135138107304       5965.16725440075       17136898.9035993       50.0000000000000                          2
   39.2431747519256       5965.24491280416       16648140.2037848       50.0000000000000                          2
   38.0729215438795       5965.31486763343       16159306.0828998       50.0000000000000                          2
   36.9026452126512       5965.37770196183       15670402.2494599       50.0000000000000                          2
   35.7320535563133       5965.43402304679       15181434.6487534       50.0000000000000                          2
   34.5606786897535       5965.48445826396       14692409.4230320       50.0000000000000                          2
   33.3880647578567       5965.52965341619       14203332.8949561       50.0000000000000                          2
   32.3822369646171       5965.57132462201       13714221.8659967       50.0000000000000                          1
   31.5413681836692       5965.61213455972       13225102.4048184       50.0000000000000                          1
   30.6993529056485       5965.65358353536       12735989.2000066       50.0000000000000                          1
   29.8575939652993       5965.69613165252       12246886.7561560       50.0000000000000                          1
   29.0164450752968       5965.74025495864       11757799.7339565       50.0000000000000                          1
   28.1758624423925       5965.78643597349       11268732.8574640       50.0000000000000                          1
   27.3357364490907       5965.83516689707       10779690.9455062       50.0000000000000                          1
   26.4960047379214       5965.88695480725       10290678.9625699       50.0000000000000                          1
   25.6566727929535       5965.94232570753       9801702.05843066       50.0000000000000                          1
   24.8178051241321       5966.00182719790       9312765.59429981       50.0000000000000                          1
   23.9795109986934       5966.06603016970       8823875.15941986       50.0000000000000                          1
   23.1419319623347       5966.13552989430       8335036.58172171       50.0000000000000                          1
   22.3052324898001       5966.21094674284       7846255.93487267       50.0000000000000                          1
   21.4695933832571       5966.29292667436       7357539.54305339       50.0000000000000                          1
   20.6352072245138       5966.38214156688       6868893.98420024       50.0000000000000                          1
   19.8022752719554       5966.47928943228       6380326.09211003       50.0000000000000                          1
   18.9710053489463       5966.58509453636       5891842.95761434       50.0000000000000                          1
   18.1416104061088       5966.70030743444       5403451.92892865       50.0000000000000                          1
   17.3143075401423       5966.82570492739       4915160.61122061       50.0000000000000                          1
   16.4893173217719       5966.96208993946       4426976.86541623       50.0000000000000                          1
   15.6668633329445       5967.11029131801       3938908.80623771       50.0000000000000                          1
   14.8471718456570       5967.27116355368       3450964.79946406       50.0000000000000                          1
   14.0304715963746       5967.44558641984       2963153.45840145       50.0000000000000                          1
   13.2169936247306       5967.63446452982       2475483.63954812       50.0000000000000                          1
   12.4069711551024       5967.83872681042       1987964.43744036       50.0000000000000                          1
   11.6006395064743       5968.05932588876       1500605.17864947       50.0000000000000                          1
   10.7982360204678       5968.29723737957       1013415.41480426       50.0000000000000                          1
   10.0000000000000       5968.55345900000       526404.913924418       50.0000000000000                          1
